0x20000000: 00 00 00 00 00 00 00 00 00 00 00 00 00 00 00 00 00 00 00 00 00 00 00 00 00 00 00 00 00 00 00 00
0x20000020: 00 00 00 00 00 00 00 00 00 00 00 00 00 00 00 00 00 00 00 00 00 00 00 00 00 00 00 00 00 00 00 00
0x20000040: 00 00 00 00 00 00 00 00 00 00 00 00 00 00 00 00 00 00 00 00 00 00 00 00 00 00 00 00 00 00 00 00
0x20000060: 00 00 00 00 00 00 00 00 00 00 00 00 00 00 00 00 00 00 00 00 00 00 00 00 00 00 00 00 00 00 00 00
0x20000080: 00 00 00 00 00 00 00 00 00 00 00 00 00 00 00 00 a5 ca fa a5 cb fa a5 cc fa a5 00 00 00 00 00 00
0x200000a0: 00 00 00 32 00 00 01 00 fa 00 00 00 00 00 64 00 f0 00 00 00 00 00 00 00 00 00 00 00 00 00 00 00
0x200000c0: 00 00 00 00 00 00 00 00 00 00 00 00 00 00 00 00 00 00 00 00 00 00 00 00 00 00 00 00 00 00 00 00
0x200000e0: 00 00 00 00 00 00 00 00 00 00 00 00 00 00 00 00 00 00 00 00 db 96 fa 1f f9 58 05 20 e3 96 fa 1f
0x20000100: 00 00 00 00 00 00 00 00 00 00 00 00 00 00 00 00 00 00 00 00 00 00 00 00 00 00 00 00 00 00 00 00
0x20000120: 00 00 00 00 00 00 00 00 00 00 00 00 00 00 00 00 00 00 00 00 00 00 00 00 00 00 00 00 00 00 00 00
0x20000140: 00 00 00 00 00 00 00 00 00 00 00 00 00 00 00 00 00 00 00 00 00 00 00 00 00 00 00 00 00 00 00 00
0x20000160: 00 00 00 00 00 00 00 00 00 00 00 00 00 00 00 00 00 00 00 00 00 00 00 00 00 00 00 00 00 00 00 00
0x20000180: 00 00 00 00 00 00 00 00 00 00 00 00 00 00 00 00 00 00 00 00 00 00 00 00 00 00 00 00 00 00 00 00
0x200001a0: 00 00 00 00 00 00 00 00 00 00 00 00 00 00 00 00 00 00 00 00 00 00 00 00 00 00 00 00 00 00 00 00
0x200001c0: 00 00 00 00 00 00 00 00 00 00 00 00 00 00 00 00 00 00 00 00 00 00 00 00 00 00 00 00 00 00 00 00
0x200001e0: 00 00 00 00 00 00 00 00 00 00 00 00 00 00 00 00 00 00 00 00 00 00 00 00 00 00 00 00 00 00 00 00
0x20000200: 00 00 00 00 00 00 00 00 e8 03 00 00 00 00 00 00 00 00 00 00 e8 03 00 00 00 00 00 00 00 00 00 00
0x20000220: 00 00 00 00 00 00 00 00 00 00 00 00 00 00 00 00 00 00 00 00 01 00 00 00 00 00 00 00 00 00 00 00
0x20000240: 00 00 00 00 00 00 00 00 00 00 00 00 00 00 00 00 00 00 00 00 00 00 00 00 00 00 00 00 00 00 00 00
0x20000260: 00 00 00 00 00 00 00 00 00 00 00 00 00 00 00 00 78 00 78 00 00 00 00 00 00 00 00 00 00 00 00 00
0x20000280: 00 00 00 00 00 00 00 00 00 00 00 00 00 00 00 00 00 00 00 00 00 00 00 00 00 00 00 00 00 00 00 00
0x200002a0: 00 00 00 00 00 00 00 00 00 00 00 00 00 00 00 00 00 00 00 00 00 00 00 00 00 00 00 00 00 00 00 00
0x200002c0: 00 00 00 00 00 00 00 00 00 00 00 00 14 00 00 00 00 00 00 00 00 00 00 00 00 00 00 00 00 00 00 00
0x200002e0: 00 00 00 00 01 00 00 00 00 00 00 00 18 00 00 00 00 00 00 00 00 00 00 00 00 00 00 00 00 00 00 00
0x20000300: 00 00 00 00 00 00 00 00 e8 03 00 00 00 00 00 00 00 00 00 00 00 00 00 00 00 00 00 00 00 00 00 00
0x20000320: 00 00 00 00 00 00 00 00 00 00 00 00 00 00 00 00 00 00 00 00 00 00 00 00 00 00 00 00 00 00 00 00
0x20000340: 9b 00 00 00 1f 1c 1f 1e 1f 1e 1f 1f 1e 1f 1e 1f 00 00 00 00 00 00 00 00 00 00 00 00 00 00 00 00
0x20000360: 01 00 00 00 00 00 00 00 00 00 00 00 00 00 00 00 00 00 00 00 00 00 00 00 00 00 00 00 00 00 00 00
0x20000380: 00 00 00 00 00 00 00 00 00 00 00 00 00 00 00 00 00 00 00 00 00 00 00 00 00 00 00 00 00 00 00 00
0x200003a0: 00 00 00 00 00 00 00 01 00 00 00 00 00 00 00 00 00 00 00 00 00 00 00 00 00 00 00 00 00 00 00 00
0x200003c0: 00 00 00 00 00 00 00 00 01 00 00 00 00 00 06 00 00 00 00 00 04 00 00 00 00 00 00 00 00 6c dc 02
0x200003e0: ff 19 00 00 80 23 00 20 80 23 00 20 b0 23 00 20 b0 23 00 20 00 00 00 00 00 00 00 00 00 00 00 00
0x20000400: f4 a3 01 08 fc a3 01 08 04 a4 01 08 08 a4 01 08 0c a4 01 08 10 a4 01 08 14 a4 01 08 18 a4 01 08
0x20000420: 1c a4 01 08 20 a4 01 08 f8 a3 01 08 00 a4 01 08 31 31 31 31 31 31 31 31 31 31 31 31 31 31 00 32
0x20000440: 32 32 32 32 32 32 32 32 32 32 32 32 32 00 33 33 33 33 33 33 33 33 33 33 33 33 33 33 00 34 34 34
0x20000460: 34 34 34 34 34 34 34 34 34 34 34 00 35 35 35 35 35 35 35 35 35 35 35 35 35 35 00 36 36 36 36 36
0x20000480: 36 36 36 36 36 36 36 36 36 00 37 37 37 37 37 37 37 37 37 37 37 37 37 37 00 30 30 30 30 30 30 30
0x200004a0: 30 30 30 30 30 30 30 00 00 00 00 00 00 00 00 00 00 00 00 00 00 00 00 00 00 00 00 00 00 00 00 00
0x200004c0: 00 00 00 00 00 00 00 00 dc 23 00 20 01 00 00 00 00 00 00 00 00 00 00 00 00 00 00 00 00 00 00 00
0x200004e0: 00 00 00 00 00 00 07 00 00 00 00 00 00 00 00 00 00 01 00 00 00 00 00 00 00 00 00 00 00 00 00 00
0x20000500: 00 00 00 00 00 00 03 00 00 00 00 00 00 00 00 00 00 01 00 00 00 00 00 00 00 00 00 00 00 00 00 00
0x20000520: 00 00 00 00 00 00 04 00 00 00 00 00 00 00 00 00 00 01 00 00 00 00 00 00 00 00 00 00 00 00 00 00
0x20000540: 00 00 00 00 00 00 02 00 00 00 00 00 00 00 00 00 00 01 00 00 00 00 00 00 00 00 00 00 00 00 00 00
0x20000560: 00 00 00 00 00 00 05 00 00 00 00 00 00 00 00 00 00 01 00 00 00 00 00 00 00 00 00 00 00 00 00 00
0x20000580: 00 00 00 00 00 00 01 00 00 00 00 00 00 00 00 00 00 01 00 00 00 00 00 00 00 00 00 00 00 00 00 00
0x200005a0: 00 00 00 00 00 00 06 00 00 00 00 00 00 00 00 00 00 00 00 00 00 00 00 00 00 00 00 00 00 00 00 00
0x200005c0: 00 00 00 00 00 00 00 00 00 00 00 00 00 00 00 00 00 00 00 00 00 00 00 00 00 00 00 00 00 00 00 00
0x200005e0: 00 00 00 00 00 00 00 00 00 00 00 00 00 00 00 00 00 00 00 00 00 00 00 00 00 00 00 00 00 00 00 00
0x20000600: 00 00 00 00 00 00 00 00 00 00 00 00 00 00 00 00 00 00 00 00 00 00 00 00 00 00 00 00 00 00 00 00
0x20000620: 00 00 00 00 00 00 00 00 00 00 00 00 00 00 00 00 00 00 00 00 00 00 00 00 00 00 00 00 00 00 00 00
0x20000640: 00 00 00 00 00 00 00 00 00 00 00 00 00 00 00 00 00 00 00 00 00 00 00 00 00 00 00 00 00 00 00 00
0x20000660: 00 00 00 00 00 00 00 00 00 00 00 00 00 00 00 00 00 00 00 00 00 00 00 00 00 00 00 00 00 00 00 00
0x20000680: 00 00 00 00 00 00 00 00 00 00 00 00 00 00 00 00 00 00 00 00 00 00 00 00 00 00 00 00 00 00 00 00
0x200006a0: 00 00 00 00 00 00 00 00 00 00 00 00 00 00 00 00 00 00 00 00 00 00 00 00 00 00 00 00 00 00 00 00
0x200006c0: 00 00 00 00 00 00 e8 03 00 00 00 00 00 00 00 00 00 00 00 00 00 00 00 00 00 00 00 00 00 00 00 00
0x200006e0: 00 00 00 00 00 00 00 00 00 00 00 00 00 00 00 00 00 00 00 00 00 00 00 00 00 00 00 00 00 00 00 00
0x20000700: 00 00 00 00 00 00 00 00 00 00 00 00 00 00 00 00 00 00 00 00 00 00 00 00 00 00 00 00 00 00 00 00
0x20000720: 00 00 00 00 00 00 00 00 00 00 00 00 00 00 00 00 00 00 00 00 00 00 00 00 00 00 00 00 00 00 00 00
0x20000740: 00 00 00 00 00 00 00 00 00 00 00 00 00 00 00 00 00 00 00 00 00 00 00 00 00 00 00 00 00 00 00 00
0x20000760: 00 00 00 00 00 00 00 00 00 00 00 00 00 00 00 00 00 00 00 00 00 00 00 00 00 38 01 40 00 c2 01 00
0x20000780: 00 00 00 00 00 00 00 00 00 00 00 00 0c 00 00 00 00 00 00 00 00 00 00 00 00 00 00 00 00 00 00 00
0x200007a0: 00 00 00 00 00 00 00 00 00 00 00 00 00 00 00 00 00 00 00 00 00 00 00 00 00 00 00 00 00 00 00 00
0x200007c0: 00 00 00 00 00 00 00 00 00 00 00 00 00 00 00 00 00 00 00 00 00 00 00 00 58 08 00 20 00 00 00 00
0x200007e0: 00 01 00 00 00 00 00 00 00 48 00 40 00 c2 01 00 00 00 00 00 00 00 00 00 00 00 00 00 0c 00 00 00
0x20000800: 00 00 00 00 00 00 00 00 00 00 00 00 00 00 00 00 00 00 00 00 00 00 00 00 00 00 00 00 00 00 00 00
0x20000820: 00 00 00 00 00 00 00 00 00 00 00 00 00 00 00 00 00 00 00 00 00 00 00 00 01 00 00 00 00 00 00 00
0x20000840: 00 00 00 00 00 00 00 00 00 00 00 00 00 00 00 00 00 01 00 00 00 00 00 00 1c 00 02 40 10 00 00 00
0x20000860: 00 00 00 00 80 00 00 00 00 00 00 00 00 00 00 00 00 00 00 00 00 10 00 00 00 01 00 00 78 07 00 20
0x20000880: 00 00 00 00 00 00 00 00 00 00 00 00 00 00 00 00 00 28 00 40 00 00 00 00 7f 00 00 00 ff 00 00 00
0x200008a0: 00 00 00 00 00 00 00 00 00 00 00 00 00 01 00 00 00 00 ff 0f 00 00 ff 0f 6a 09 00 00 00 00 57 09
0x200008c0: ff 0f ff 0f ff 0f ff 0f 00 00 ff 0f 00 00 00 00 00 00 00 00 00 00 00 00 6a 09 00 00 00 00 57 09
0x200008e0: 00 00 00 00 00 00 00 00 00 00 00 00 00 00 00 00 00 00 00 00 00 00 00 00 00 00 00 00 00 00 00 00
0x20000900: 00 00 00 00 00 00 00 00 00 00 00 00 00 00 00 00 00 00 00 00 00 00 00 00 00 00 00 00 00 00 00 00
0x20000920: 00 00 00 00 00 00 00 00 00 00 00 00 00 00 00 00 00 24 01 40 00 00 00 80 00 00 00 00 00 00 00 00
0x20000940: 01 00 00 00 08 00 00 00 00 00 00 00 00 00 00 00 00 00 00 00 00 00 00 00 00 00 00 00 00 00 00 00
0x20000960: 01 00 00 00 01 00 00 00 00 00 00 00 7c 09 00 20 00 00 00 00 01 02 00 00 00 00 00 00 08 00 02 40
0x20000980: 00 00 00 00 00 00 00 00 80 00 00 00 00 01 00 00 00 04 00 00 20 00 00 00 00 00 00 00 00 01 00 00
0x200009a0: 30 09 00 20 2f 0b 00 08 d3 0b 00 08 b5 0b 00 08 00 00 00 00 00 30 01 40 04 01 00 00 00 00 00 00
0x200009c0: 00 07 00 00 00 00 00 00 00 00 00 00 00 02 00 00 18 00 00 00 00 00 00 00 00 00 00 00 00 00 00 00
0x200009e0: 07 00 00 00 01 00 00 00 08 00 00 00 00 00 00 00 00 00 00 00 00 00 00 00 00 00 00 00 00 00 00 00
0x20000a00: 00 00 00 00 00 00 00 00 00 00 00 00 00 00 00 00 00 01 00 00 00 00 00 00 00 2c 01 40 01 00 00 00
0x20000a20: 00 00 00 00 40 06 00 00 00 00 00 00 00 00 00 00 00 00 00 00 00 00 00 00 00 00 00 00 00 00 00 00
0x20000a40: 00 00 00 00 00 00 00 00 00 00 00 00 00 00 00 00 00 01 00 00 00 00 00 40 c0 12 00 00 00 00 00 00
0x20000a60: ff ff 00 00 00 00 00 00 00 00 00 00 00 00 00 00 00 00 00 00 00 00 00 00 00 00 00 00 00 00 00 00
0x20000a80: 00 00 00 00 00 00 00 00 00 00 00 00 00 01 00 00 00 04 00 40 01 00 00 00 00 00 00 00 60 09 00 00
0x20000aa0: 00 00 00 00 00 00 00 00 00 00 00 00 00 00 00 00 00 00 00 00 00 00 00 00 00 00 00 00 00 00 00 00
0x20000ac0: 00 00 00 00 00 00 00 00 00 01 00 00 00 48 01 40 00 00 00 00 00 00 00 00 00 00 00 00 00 00 00 00
0x20000ae0: 00 00 00 00 00 00 00 00 00 00 00 00 00 00 00 00 00 00 00 00 00 00 00 00 00 00 00 00 00 00 00 00
0x20000b00: 00 00 00 00 00 01 00 00 00 2c 00 40 80 01 00 00 7f 00 00 00 7f 00 00 00 00 01 00 00 00 30 00 40
0x20000b20: 00 00 00 00 ff 0f 00 00 d0 07 00 00 00 03 00 00 00 00 00 00 00 00 00 00 00 00 00 00 00 00 00 00
0x20000b40: 00 00 00 00 00 00 00 00 00 00 00 00 00 00 00 00 41 18 00 08 00 01 02 03 04 00 00 00 32 00 00 00
0x20000b60: 00 00 00 00 0a 00 00 00 0a 00 00 00 00 00 00 00 00 00 00 00 59 18 00 08 00 0d 0e 0f 10 00 00 00
0x20000b80: 32 00 00 00 00 00 00 00 0a 00 00 00 0a 00 00 00 00 00 00 00 00 00 00 00 00 00 00 00 00 00 00 00
0x20000ba0: 00 00 00 00 00 00 00 00 00 00 00 00 00 00 00 00 00 00 00 00 00 00 00 00 00 00 00 00 00 00 00 00
0x20000bc0: 00 00 00 00 00 00 00 00 00 00 00 00 00 00 00 00 00 00 00 00 00 00 00 00 00 00 00 00 00 00 00 00
0x20000be0: 00 00 00 00 00 00 00 00 00 00 00 00 00 00 00 00 00 00 00 00 00 00 00 00 00 00 00 00 00 00 00 00
0x20000c00: 00 00 00 00 00 00 00 00 00 00 00 00 00 00 00 00 00 00 00 00 00 00 00 00 00 00 00 00 00 00 00 00
0x20000c20: 00 00 00 00 00 00 00 00 00 00 00 00 00 00 00 00 00 00 00 00 00 00 00 00 00 00 00 00 00 00 00 00
0x20000c40: 00 00 00 00 00 00 00 00 00 00 00 00 00 00 00 00 00 00 00 00 00 00 00 00 00 00 00 00 00 00 00 00
0x20000c60: 00 00 00 00 00 00 00 00 00 00 00 00 00 00 00 00 00 00 00 00 00 00 00 00 00 00 00 00 00 00 00 00
0x20000c80: 00 00 00 00 00 00 00 00 00 00 00 00 00 00 00 00 00 00 00 00 00 00 00 00 00 00 00 00 00 00 00 00
0x20000ca0: 00 00 00 00 00 00 00 00 00 00 00 00 00 00 00 00 00 00 00 00 00 00 00 00 00 00 00 00 00 00 00 00
0x20000cc0: 00 00 00 00 00 00 00 00 00 00 00 00 00 00 00 00 00 00 00 00 00 00 00 00 00 00 00 00 00 00 00 00
0x20000ce0: 00 00 00 00 00 00 00 00 00 00 00 00 00 00 00 00 00 00 00 00 00 00 00 00 00 00 00 00 00 00 00 00
0x20000d00: 00 00 00 00 00 00 00 00 00 00 00 00 00 00 00 00 00 00 00 00 00 00 00 00 00 00 00 00 00 00 00 00
0x20000d20: 00 00 00 00 00 00 00 00 00 00 00 00 00 00 00 00 00 00 00 00 00 00 00 00 00 00 00 00 00 00 00 00
0x20000d40: 00 00 00 00 00 00 00 00 00 00 00 00 00 00 00 00 00 00 00 00 00 00 00 00 00 00 00 00 00 00 00 00
0x20000d60: 00 00 00 00 00 00 00 00 00 00 00 00 00 00 00 00 00 00 00 00 00 00 00 00 00 00 00 00 00 00 00 00
0x20000d80: 00 00 00 00 00 00 00 00 00 00 00 00 00 00 00 00 00 00 00 00 00 00 00 00 00 00 00 00 00 00 00 00
0x20000da0: 00 00 00 00 00 00 00 00 00 00 00 00 00 00 00 00 00 00 00 00 00 00 00 00 00 00 00 00 00 00 00 00
0x20000dc0: 00 00 00 00 00 00 00 00 00 00 00 00 00 00 00 00 00 00 00 00 00 00 00 00 00 00 00 00 00 00 00 00
0x20000de0: 00 00 00 00 00 00 00 00 00 00 00 00 00 00 00 00 00 00 00 00 00 00 00 00 00 00 00 00 00 00 00 00
0x20000e00: 00 00 00 00 00 00 00 00 00 00 00 00 00 00 00 00 00 00 00 00 00 00 00 00 00 00 00 00 00 00 00 00
0x20000e20: 00 00 00 00 00 00 00 00 00 00 00 00 00 00 00 00 00 00 00 00 00 00 00 00 00 00 00 00 00 00 00 00
0x20000e40: 00 00 00 00 00 00 00 00 00 00 00 00 00 00 00 00 00 00 00 00 00 00 00 00 00 00 00 00 00 00 00 00
0x20000e60: 00 00 00 00 00 00 00 00 00 00 00 00 00 00 00 00 00 00 00 00 00 00 00 00 00 00 00 00 01 00 00 00
0x20000e80: 00 00 00 00 01 00 01 00 00 00 00 00 0a 00 00 00 00 00 00 00 01 01 00 00 00 00 00 00 0e 00 00 00
0x20000ea0: 00 00 00 00 0e 01 00 00 00 00 00 00 00 01 00 00 00 00 00 00 00 02 00 00 00 00 00 00 00 03 00 00
0x20000ec0: 00 00 00 00 0b 01 00 00 00 00 00 00 09 00 00 00 00 00 01 00 09 00 00 00 00 00 01 00 09 00 00 00
0x20000ee0: 00 00 01 00 09 00 00 00 00 00 01 00 09 00 00 00 00 00 01 00 09 00 00 00 00 00 01 00 09 00 00 00
0x20000f00: 00 00 01 00 09 01 00 00 00 00 01 00 09 01 00 00 00 00 01 00 09 01 00 00 00 00 01 00 09 01 00 00
0x20000f20: 00 00 01 00 0d 01 00 00 00 00 00 00 0d 00 00 00 00 00 00 00 0d 01 00 00 00 00 00 00 0d 03 00 00
0x20000f40: 00 00 00 00 09 04 00 00 00 00 00 00 09 04 00 00 00 00 00 00 09 03 00 00 00 00 00 00 07 00 00 00
0x20000f60: 00 00 00 00 02 01 00 00 00 00 00 00 02 00 00 00 00 00 00 00 00 00 00 00 00 00 00 00 03 00 00 00
0x20000f80: 00 00 00 00 00 00 00 00 00 00 00 00 00 00 00 00 00 00 00 00 00 00 00 00 00 00 00 00 00 00 00 00
0x20000fa0: 00 00 00 00 00 00 00 00 00 00 00 00 00 00 00 00 00 00 00 00 00 00 00 00 00 00 00 00 00 00 00 00
0x20000fc0: 00 00 00 00 00 00 00 00 00 00 00 00 00 00 00 00 00 00 00 00 00 00 00 00 00 00 00 00 00 00 00 00
0x20000fe0: 00 00 00 00 00 00 00 00 00 00 00 00 00 00 00 00 00 00 00 00 00 00 00 00 00 00 00 00 00 00 00 00
0x20001000: 00 00 00 00 00 00 00 00 00 00 00 00 00 00 00 00 00 00 00 00 00 00 00 00 00 00 00 00 00 00 00 00
0x20001020: 00 00 00 00 00 00 00 00 00 00 00 00 00 00 00 00 00 00 00 00 00 00 00 00 00 00 00 00 00 00 00 00
0x20001040: 00 00 00 00 00 00 00 00 00 00 00 00 00 00 00 00 00 00 00 00 00 00 00 00 00 00 00 00 00 00 00 00
0x20001060: 00 00 00 00 00 00 00 00 00 00 00 00 00 00 00 00 00 00 00 00 00 00 00 00 00 00 00 00 00 00 00 00
0x20001080: 00 00 00 00 00 00 00 00 00 00 00 00 00 00 00 00 00 00 00 00 00 00 00 00 00 00 00 00 00 00 00 00
0x200010a0: 00 00 00 00 00 00 00 00 00 00 00 00 00 00 00 00 00 00 00 00 00 00 00 00 00 00 00 00 00 00 00 00
0x200010c0: 00 00 00 00 00 00 00 00 00 00 00 00 00 00 00 00 00 00 00 00 00 00 00 00 00 00 00 00 00 00 00 00
0x200010e0: 00 00 00 00 00 00 00 00 00 00 00 00 00 00 00 00 00 00 00 00 00 00 00 00 00 00 00 00 00 00 00 00
0x20001100: 00 00 00 00 00 00 00 00 00 00 00 00 00 00 00 00 00 00 00 00 00 00 00 00 00 00 00 00 00 00 00 00
0x20001120: 00 00 00 00 00 00 00 00 00 00 00 00 00 00 00 00 00 00 00 00 00 00 00 00 00 00 00 00 00 00 00 00
0x20001140: 00 00 00 00 00 00 00 00 00 00 00 00 00 00 00 00 00 00 00 00 00 00 00 00 00 00 00 00 00 00 00 00
0x20001160: 00 00 00 00 00 00 00 00 00 00 00 00 00 00 00 00 00 00 00 00 00 00 00 00 00 00 00 00 00 00 00 00
0x20001180: 00 00 00 00 00 00 00 00 00 00 00 00 00 00 00 00 00 00 00 00 00 00 00 00 00 00 00 00 00 00 00 00
0x200011a0: 00 00 00 00 00 00 00 00 00 00 00 00 00 00 00 00 00 00 00 00 00 00 00 00 00 00 00 00 00 00 00 00
0x200011c0: 00 00 00 00 00 00 00 00 00 00 00 00 00 00 00 00 00 00 00 00 00 00 00 00 00 00 00 00 00 00 00 00
0x200011e0: 00 00 00 00 00 00 00 00 00 00 00 00 00 00 00 00 00 00 00 00 00 00 00 00 00 00 00 00 00 00 00 00
0x20001200: 00 00 00 00 00 00 00 00 00 00 00 00 00 00 00 00 00 00 00 00 00 00 00 00 00 00 00 00 00 00 00 00
0x20001220: 00 00 00 00 00 00 00 00 00 00 00 00 00 00 00 00 00 00 00 00 00 00 00 00 00 00 00 00 00 00 00 00
0x20001240: 00 00 00 00 00 00 00 00 00 00 00 00 00 00 00 00 00 00 00 00 00 00 00 00 00 00 00 00 00 00 00 00
0x20001260: 00 00 00 00 00 00 00 00 00 00 00 00 00 00 00 00 00 00 00 00 00 00 00 00 00 00 00 00 00 00 00 00
0x20001280: 00 00 00 00 00 00 00 00 00 00 00 00 00 00 00 00 00 00 00 00 00 00 00 00 00 00 00 00 00 00 00 00
0x200012a0: 00 00 00 00 00 00 00 00 00 00 00 00 00 00 00 00 00 00 00 00 00 00 00 00 00 00 00 00 00 00 00 00
0x200012c0: 00 00 00 00 00 00 00 00 00 00 00 00 00 00 00 00 00 00 00 00 00 00 00 00 00 00 00 00 00 00 00 00
0x200012e0: 00 00 00 00 00 00 00 00 00 00 00 00 00 00 00 00 00 00 00 00 00 00 00 00 00 00 00 00 00 00 00 00
0x20001300: 00 00 00 00 00 00 00 00 00 00 00 00 00 00 00 00 00 00 00 00 00 00 00 00 00 00 00 00 00 00 00 00
0x20001320: 00 00 00 00 00 00 00 00 00 00 00 00 00 00 00 00 00 00 00 00 00 00 00 00 00 00 00 00 00 00 00 00
0x20001340: 00 00 00 00 00 00 00 00 00 00 00 00 00 00 00 00 00 00 00 00 00 00 00 00 00 00 00 00 00 00 00 00
0x20001360: 00 00 00 00 00 00 00 00 00 00 00 00 00 00 00 00 00 00 00 00 00 00 00 00 00 00 00 00 00 00 00 00
0x20001380: 00 00 00 00 00 00 00 00 00 00 00 00 00 00 00 00 00 00 00 00 00 00 00 00 00 00 00 00 00 00 00 00
0x200013a0: 00 00 00 00 00 00 00 00 00 00 00 00 00 00 00 00 00 00 00 00 00 00 00 00 00 00 00 00 00 00 00 00
0x200013c0: 00 00 00 00 00 00 00 00 00 00 00 00 00 00 00 00 00 00 00 00 00 00 00 00 00 00 00 00 00 00 00 00
0x200013e0: 00 00 00 00 00 00 00 00 00 00 00 00 00 00 00 00 00 00 00 00 00 00 00 00 00 00 00 00 00 00 00 00
0x20001400: 00 00 00 00 00 00 00 00 00 00 00 00 00 00 00 00 00 00 00 00 00 00 00 00 00 00 00 00 00 00 00 00
0x20001420: 00 00 00 00 00 00 00 00 00 00 00 00 00 00 00 00 00 00 00 00 00 00 00 00 00 00 00 00 00 00 00 00
0x20001440: 00 00 00 00 00 00 00 00 00 00 00 00 00 00 00 00 00 00 00 00 00 00 00 00 00 00 00 00 00 00 00 00
0x20001460: 00 00 00 00 00 00 00 00 00 00 00 00 00 00 00 00 00 00 00 00 00 00 00 00 00 00 00 00 00 00 00 00
0x20001480: 00 00 00 00 00 00 00 00 00 00 00 00 00 00 00 00 00 00 00 00 00 00 00 00 00 00 00 00 00 00 00 00
0x200014a0: 00 00 00 00 00 00 00 00 00 00 00 00 00 00 00 00 00 00 00 00 00 00 00 00 00 00 00 00 00 00 00 00
0x200014c0: 00 00 00 00 00 00 00 00 00 00 00 00 00 00 00 00 00 00 00 00 00 00 00 00 00 00 00 00 00 00 00 00
0x200014e0: 00 00 00 00 00 00 00 00 00 00 00 00 00 00 00 00 00 00 00 00 00 00 00 00 00 00 00 00 00 00 00 00
0x20001500: 00 00 00 00 00 00 00 00 00 00 00 00 00 00 00 00 00 00 00 00 00 00 00 00 00 00 00 00 00 00 00 00
0x20001520: 00 00 00 00 00 00 00 00 00 00 00 00 00 00 00 00 00 00 00 00 00 00 00 00 00 00 00 00 00 00 00 00
0x20001540: 00 00 00 00 00 00 00 00 00 00 00 00 00 00 00 00 00 00 00 00 00 00 00 00 00 00 00 00 00 00 00 00
0x20001560: 00 00 00 00 00 00 00 00 00 00 00 00 00 00 00 00 00 00 00 00 00 00 00 00 00 00 00 00 00 00 00 00
0x20001580: 00 00 00 00 00 00 00 00 00 00 00 00 00 00 00 00 00 00 00 00 00 00 00 00 00 00 00 00 00 00 00 00
0x200015a0: 00 00 00 00 00 00 00 00 00 00 00 00 00 00 00 00 00 00 00 00 00 00 00 00 00 00 00 00 00 00 00 00
0x200015c0: 00 00 00 00 00 00 00 00 00 00 00 00 00 00 00 00 00 00 00 00 00 00 00 00 00 00 00 00 00 00 00 00
0x200015e0: 00 00 00 00 00 00 00 00 00 00 00 00 00 00 00 00 00 00 00 00 00 00 00 00 00 00 00 00 00 00 00 00
0x20001600: 00 00 00 00 00 00 00 00 00 00 00 00 00 00 00 00 00 00 00 00 00 00 00 00 00 00 00 00 00 00 00 00
0x20001620: 00 00 00 00 00 00 00 00 00 00 00 00 00 00 00 00 00 00 00 00 00 00 00 00 00 00 00 00 00 00 00 00
0x20001640: 00 00 00 00 00 00 00 00 00 00 00 00 00 00 00 00 00 00 00 00 00 00 00 00 00 00 00 00 00 00 00 00
0x20001660: 00 00 00 00 00 00 00 00 00 00 00 00 00 00 00 00 00 00 00 00 00 00 00 00 00 00 00 00 00 00 00 00
0x20001680: 00 00 00 00 00 00 00 00 00 00 00 00 00 00 00 00 00 00 00 00 00 00 00 00 00 00 00 00 00 00 00 00
0x200016a0: 00 00 00 00 00 00 00 00 00 00 00 00 00 00 00 00 00 00 00 00 00 00 00 00 00 00 00 00 00 00 00 00
0x200016c0: 00 00 00 00 00 00 00 00 00 00 00 00 00 00 00 00 00 00 00 00 00 00 00 00 00 00 00 00 00 00 00 00
0x200016e0: 00 00 00 00 00 00 00 00 00 00 00 00 00 00 00 00 00 00 00 00 00 00 00 00 00 00 00 00 00 00 00 00
0x20001700: 00 00 00 00 00 00 00 00 00 00 00 00 00 00 00 00 00 00 00 00 00 00 00 00 00 00 00 00 00 00 00 00
0x20001720: 00 00 00 00 00 00 00 00 00 00 00 00 00 00 00 00 00 00 00 00 00 00 00 00 00 00 00 00 00 00 00 00
0x20001740: 00 00 00 00 00 00 00 00 00 00 00 00 00 00 00 00 00 00 00 00 00 00 00 00 00 00 00 00 00 00 00 00
0x20001760: 00 00 00 00 00 00 00 00 00 00 00 00 00 00 00 00 00 00 00 00 00 00 00 00 00 00 00 00 00 00 00 00
0x20001780: 00 00 00 00 00 00 00 00 00 00 00 00 00 00 00 00 00 00 00 00 00 00 00 00 00 00 00 00 00 00 00 00
0x200017a0: 00 00 00 00 00 00 00 00 00 00 00 00 00 00 00 00 00 00 00 00 00 00 00 00 00 00 00 00 00 00 00 00
0x200017c0: 00 00 00 00 00 00 00 00 00 00 00 00 00 00 00 00 00 00 00 00 00 00 00 00 00 00 00 00 00 00 00 00
0x200017e0: 00 00 00 00 00 00 00 00 00 00 00 00 00 00 00 00 00 00 00 00 00 00 00 00 00 00 00 00 00 00 00 00
0x20001800: 00 00 00 00 00 00 00 00 00 00 00 00 00 00 00 00 00 00 00 00 00 00 00 00 00 00 00 00 00 00 00 00
0x20001820: 00 00 00 00 00 00 00 00 00 00 00 00 00 00 00 00 00 00 00 00 00 00 00 00 00 00 00 00 00 00 00 00
0x20001840: 00 00 00 00 00 00 00 00 00 00 00 00 00 00 00 00 00 00 00 00 00 00 00 00 00 00 00 00 00 00 00 00
0x20001860: 00 00 00 00 00 00 00 00 00 00 00 00 00 00 00 00 00 00 00 00 00 00 00 00 00 00 00 00 00 00 00 00
0x20001880: 00 00 00 00 00 00 00 00 00 00 00 00 00 00 00 00 00 00 00 00 00 00 00 00 00 00 00 00 00 00 00 00
0x200018a0: 00 00 00 00 00 00 00 00 00 00 00 00 00 00 00 00 00 00 00 00 00 00 00 00 00 00 00 00 00 00 00 00
0x200018c0: 00 00 00 00 00 00 00 00 00 00 00 00 00 00 00 00 00 00 00 00 00 00 00 00 00 00 00 00 00 00 00 00
0x200018e0: 00 00 00 00 00 00 00 00 00 00 00 00 00 00 00 00 00 00 00 00 00 00 01 00 00 00 00 00 00 00 00 00
0x20001900: 00 00 00 00 00 00 00 00 00 00 00 00 00 00 00 00 00 00 00 00 00 00 00 00 00 00 00 00 00 00 00 00
0x20001920: 00 00 00 00 00 00 00 00 00 00 00 00 00 00 00 00 00 00 00 00 00 00 00 00 00 00 00 00 00 00 00 00
0x20001940: 00 00 00 00 00 00 00 00 00 00 00 00 00 00 00 00 00 00 00 00 00 00 00 00 00 00 00 00 00 00 00 00
0x20001960: 00 00 00 00 00 00 00 00 00 00 00 00 00 00 00 00 00 00 00 00 00 00 00 00 00 00 00 00 00 00 00 00
0x20001980: 00 00 00 00 00 00 00 00 00 00 00 00 00 00 00 00 00 00 00 00 00 00 00 00 00 00 00 00 00 00 00 00
0x200019a0: 00 00 00 00 00 00 00 00 00 00 00 00 00 00 00 00 00 00 00 00 00 00 00 00 00 00 00 00 00 00 00 00
0x200019c0: 00 00 00 00 00 00 00 00 00 00 00 00 00 00 00 00 00 00 00 00 00 00 00 00 00 00 00 00 00 00 00 00
0x200019e0: 00 00 00 00 00 00 00 00 00 00 00 00 00 00 00 00 00 00 00 00 00 00 00 00 00 00 00 00 00 00 00 00
0x20001a00: 00 00 00 00 00 00 00 00 00 00 00 00 00 00 00 00 00 00 00 00 00 00 00 00 00 00 00 00 00 00 00 00
0x20001a20: 00 00 00 00 00 00 00 00 00 00 00 00 00 00 00 00 00 00 00 00 00 00 00 00 00 00 00 00 00 00 00 00
0x20001a40: 00 00 00 00 00 00 00 00 00 00 00 00 00 00 00 00 00 00 00 00 00 00 00 00 00 00 00 00 00 00 00 00
0x20001a60: 00 00 00 00 00 00 00 00 00 00 00 00 00 00 00 00 00 00 00 00 00 00 00 00 00 00 00 00 00 00 00 00
0x20001a80: 00 00 00 00 00 00 00 00 00 00 00 00 00 00 00 00 00 00 00 00 00 00 00 00 00 00 00 00 00 00 00 00
0x20001aa0: 00 00 00 00 00 00 00 00 00 00 00 00 00 00 00 00 00 00 00 00 00 00 00 00 00 00 00 00 00 00 00 00
0x20001ac0: 00 00 00 00 00 00 00 00 00 00 00 00 00 00 00 00 00 00 00 00 00 00 00 00 00 00 00 00 00 00 00 00
0x20001ae0: 00 00 00 00 00 00 00 00 00 00 00 00 00 00 00 00 00 00 00 00 00 00 00 00 00 00 00 00 00 00 00 00
0x20001b00: 00 00 00 00 00 00 00 00 00 00 00 00 00 00 00 00 00 00 00 00 00 00 00 00 00 00 00 00 00 00 00 00
0x20001b20: 00 00 00 00 00 00 00 00 00 00 00 00 00 00 00 00 00 00 00 00 00 00 00 00 00 00 00 00 00 00 00 00
0x20001b40: 00 00 00 00 00 00 00 00 00 00 00 00 00 00 00 00 00 00 00 00 00 00 00 00 00 00 00 00 00 00 00 00
0x20001b60: 00 00 00 00 00 00 00 00 00 00 00 00 00 00 00 00 00 00 00 00 00 00 00 00 00 00 00 00 00 00 00 00
0x20001b80: 00 00 00 00 01 00 00 00 00 00 00 00 00 00 00 00 00 00 00 00 00 00 00 00 00 00 00 00 00 00 00 00
0x20001ba0: 00 00 00 00 00 00 00 00 00 00 00 00 00 00 00 00 00 00 00 00 00 00 00 00 00 00 00 00 00 00 00 00
0x20001bc0: 00 00 00 00 00 00 00 00 00 00 00 00 00 00 00 00 00 00 00 00 00 00 00 00 00 00 00 00 00 00 00 00
0x20001be0: 00 00 00 00 00 00 00 00 00 00 00 00 00 00 00 00 00 00 00 00 00 00 00 00 00 00 00 00 00 00 00 00
0x20001c00: 00 00 00 00 00 00 00 00 00 00 00 00 00 00 00 00 00 00 00 00 00 00 00 00 00 00 00 00 00 00 00 00
0x20001c20: 00 00 00 00 00 00 00 00 00 00 00 00 00 00 00 00 00 00 00 00 00 00 00 00 00 00 00 00 00 00 00 00
0x20001c40: 00 00 00 00 00 00 00 00 00 00 00 00 00 00 00 00 00 00 00 00 00 00 00 00 00 00 00 00 00 00 00 00
0x20001c60: 00 00 00 00 00 00 00 00 00 00 00 00 00 00 00 00 00 00 00 00 00 00 00 00 00 00 00 00 00 00 00 00
0x20001c80: 00 00 00 00 00 00 00 00 00 00 00 00 00 00 00 00 00 00 00 00 00 00 00 00 00 00 00 00 00 00 00 00
0x20001ca0: 00 00 00 00 00 00 00 00 00 00 00 00 00 00 00 00 00 00 00 00 00 00 00 00 00 00 00 00 00 00 00 00
0x20001cc0: 00 00 00 00 00 00 00 00 00 00 00 00 00 00 00 00 00 00 00 00 00 00 00 00 00 00 00 00 00 00 00 00
0x20001ce0: 00 00 00 00 00 00 00 00 00 00 00 00 00 00 00 00 00 00 00 00 00 00 00 00 00 00 00 00 00 00 00 00
0x20001d00: 00 00 00 00 00 00 00 00 00 00 00 00 00 00 00 00 00 00 00 00 00 00 00 00 00 00 00 00 00 00 00 00
0x20001d20: 00 00 00 00 00 00 00 00 00 00 00 00 00 00 00 00 00 00 00 00 00 00 00 00 00 00 00 00 00 00 00 00
0x20001d40: 00 00 00 00 00 00 00 00 00 00 00 00 00 00 00 00 00 00 00 00 00 00 00 00 00 00 00 00 00 00 00 00
0x20001d60: 00 00 00 00 00 00 00 00 00 00 00 00 00 00 00 00 00 00 00 00 00 00 00 00 00 00 00 00 00 00 00 00
0x20001d80: 00 00 00 00 00 00 00 00 00 00 00 00 00 00 00 00 00 00 00 00 00 00 00 00 00 00 00 00 00 00 00 00
0x20001da0: 00 00 00 00 00 00 00 00 00 00 00 00 00 00 00 00 00 00 00 00 00 00 00 00 00 00 00 00 00 00 00 00
0x20001dc0: 00 00 00 00 00 00 00 00 00 00 00 00 00 00 00 00 00 00 00 00 00 00 00 00 00 00 00 00 00 00 00 00
0x20001de0: 00 00 00 00 00 00 00 00 00 00 00 00 00 00 00 00 00 00 00 00 00 00 00 00 00 00 00 00 00 00 00 00
0x20001e00: 00 00 00 00 00 00 00 00 00 00 00 00 00 00 00 00 00 00 01 00 00 00 00 00 00 00 00 00 00 00 00 00
0x20001e20: 00 00 00 00 00 00 00 00 00 00 00 00 00 00 00 00 00 00 00 00 00 00 00 00 00 00 00 00 00 00 00 00
0x20001e40: 00 00 00 00 00 00 00 00 00 00 00 00 00 00 00 00 00 00 00 00 00 00 00 00 00 00 00 00 00 00 00 00
0x20001e60: 00 00 00 00 00 00 00 00 00 00 00 00 00 00 00 00 00 00 00 00 00 00 00 00 00 00 00 00 00 00 00 00
0x20001e80: 00 00 00 00 00 00 00 00 00 00 00 00 00 00 00 00 00 00 00 00 00 00 00 00 00 00 00 00 00 00 00 00
0x20001ea0: 00 00 00 00 00 00 00 00 00 00 00 00 00 00 00 00 00 00 00 00 00 00 00 00 00 00 00 00 00 00 00 00
0x20001ec0: 00 00 00 00 00 00 00 00 00 00 00 00 00 00 00 00 00 00 00 00 00 00 00 00 00 00 00 00 00 00 00 00
0x20001ee0: 00 00 00 00 00 00 00 00 00 00 00 00 00 00 00 00 00 00 00 00 00 00 00 00 00 00 00 00 00 00 00 00
0x20001f00: 00 00 00 00 00 00 00 00 00 00 00 00 00 00 00 00 00 00 00 00 00 00 00 00 00 00 00 00 00 00 00 00
0x20001f20: 00 00 00 00 00 00 00 00 00 00 00 00 00 00 00 00 00 00 00 00 00 00 00 00 00 00 00 00 00 00 00 00
0x20001f40: 00 00 00 00 00 00 00 00 00 00 00 00 00 00 00 00 00 00 00 00 00 00 00 00 00 00 00 00 00 00 00 00
0x20001f60: 00 00 00 00 00 00 00 00 00 00 00 00 00 00 00 00 00 00 00 00 00 00 00 00 00 00 00 00 00 00 00 00
0x20001f80: 00 00 00 00 00 00 00 00 00 00 00 00 00 00 00 00 00 00 00 00 00 00 00 00 00 00 00 00 00 00 00 00
0x20001fa0: 00 00 00 00 00 00 00 00 00 00 00 00 00 00 00 00 00 00 00 00 00 00 00 00 00 00 00 00 00 00 00 00
0x20001fc0: 00 00 00 00 00 00 00 00 00 00 00 00 00 00 00 00 00 00 00 00 00 00 00 00 00 00 00 00 00 00 00 00
0x20001fe0: 00 00 00 00 00 00 00 00 00 00 00 00 00 00 00 00 00 00 00 00 00 00 00 00 00 00 00 00 00 00 00 00
0x20002000: 00 00 00 00 00 00 00 00 00 00 00 00 00 00 00 00 00 00 00 00 00 00 00 00 00 00 00 00 00 00 00 00
0x20002020: 00 00 00 00 00 00 00 00 00 00 00 00 00 00 00 00 00 00 00 00 00 00 00 00 00 00 00 00 00 00 00 00
0x20002040: 00 00 00 00 00 00 00 00 00 00 00 00 00 00 00 00 00 00 00 00 00 00 00 00 00 00 00 00 00 00 00 00
0x20002060: 00 00 00 00 00 00 00 00 00 00 00 00 00 00 00 00 00 00 00 00 00 00 00 00 00 00 00 00 00 00 00 00
0x20002080: 00 00 00 00 00 00 00 00 00 00 00 00 00 00 00 00 00 00 00 00 00 00 00 00 00 00 00 00 00 00 00 00
0x200020a0: 00 00 00 00 00 00 00 00 00 00 00 00 00 00 00 00 00 00 00 00 00 00 00 00 00 00 00 00 00 00 00 00
0x200020c0: 00 00 00 00 00 00 00 00 00 00 00 00 00 00 00 00 00 00 00 00 00 00 00 00 00 00 00 00 00 00 00 00
0x200020e0: 00 00 00 00 00 00 00 00 00 00 00 00 00 00 07 07 00 00 00 45 30 30 30 30 37 34 34 33 31 38 36 30
0x20002100: 35 31 37 33 37 35 34 00 00 00 01 00 00 01 00 00 00 00 00 00 00 00 00 00 00 00 00 00 00 00 00 00
0x20002120: 00 00 00 00 00 00 00 00 00 00 00 00 00 00 00 00 00 00 00 00 00 00 00 00 00 00 00 00 00 00 00 00
0x20002140: 00 00 00 00 00 00 00 00 00 00 00 00 00 00 00 00 00 00 00 00 00 00 00 00 00 00 00 00 00 00 00 00
0x20002160: 00 00 00 00 00 00 00 00 00 00 00 00 00 00 00 00 00 00 00 00 00 00 00 00 00 00 00 00 00 00 00 00
0x20002180: 00 00 00 00 00 00 00 00 00 00 00 00 00 00 00 00 00 00 00 00 00 00 00 00 00 00 00 00 00 00 00 00
0x200021a0: 00 00 00 00 00 00 00 00 00 00 00 00 00 00 00 00 00 00 00 00 00 00 00 00 00 00 00 00 00 00 00 00
0x200021c0: 00 00 00 00 00 00 00 00 00 00 00 00 00 00 00 00 00 00 00 00 00 00 00 00 00 00 00 00 00 00 00 00
0x200021e0: 00 00 00 00 00 00 00 00 00 00 00 00 00 00 00 00 00 00 00 00 00 00 00 00 00 00 00 00 00 00 00 00
0x20002200: 00 00 00 00 00 00 00 00 00 00 00 00 00 00 00 00 00 00 00 00 00 00 00 00 00 00 00 00 00 00 00 00
0x20002220: 00 00 00 00 00 00 00 00 00 00 00 00 00 00 00 00 00 00 00 00 00 00 00 00 00 00 00 00 00 00 00 00
0x20002240: 00 00 00 00 00 00 00 00 00 00 00 00 00 00 00 00 00 00 00 00 00 00 00 00 00 00 00 00 00 00 00 00
0x20002260: 00 00 00 00 00 00 00 00 00 00 00 00 00 00 00 00 00 00 00 00 00 00 00 00 00 00 00 00 00 00 00 00
0x20002280: 00 00 00 00 00 00 00 00 00 00 00 00 00 00 00 00 00 00 00 00 00 00 00 00 00 00 00 00 00 00 00 00
0x200022a0: 00 00 00 00 00 00 00 00 00 00 00 00 00 00 00 00 00 00 00 00 00 00 00 00 00 00 00 00 00 00 00 00
0x200022c0: 00 00 00 00 00 00 00 00 00 00 00 00 00 00 00 00 00 00 00 00 00 00 00 00 00 00 00 00 00 00 00 00
0x200022e0: 00 00 00 00 00 00 00 00 00 00 00 00 00 00 00 00 00 00 00 00 00 00 00 00 00 00 00 00 00 00 00 00
0x20002300: 00 00 00 00 00 00 00 00 00 00 00 00 00 00 00 00 00 00 00 00 71 89 01 08 28 23 00 00 00 00 00 00
0x20002320: 00 00 00 00 00 00 00 00 00 00 00 00 00 00 00 00 00 00 00 00 25 87 01 08 50 46 00 00 00 00 00 00
0x20002340: 00 00 00 00 00 00 00 00 00 00 00 00 00 00 00 00 00 00 00 00 d5 43 00 08 28 23 00 00 00 00 00 00
0x20002360: 00 00 00 00 00 00 00 00 00 00 00 00 00 00 00 00 00 00 00 00 00 00 00 00 00 00 00 00 30 00 00 00
0x20002380: 00 00 00 00 00 00 00 00 00 00 00 00 00 00 00 00 00 00 00 00 00 00 00 02 00 00 00 00 00 00 00 00
0x200023a0: 00 00 00 00 00 00 00 00 80 23 00 20 30 00 00 00 00 00 00 00 00 00 00 00 00 00 00 00 00 00 00 00
0x200023c0: 00 00 00 00 00 00 00 00 00 00 00 00 00 00 00 00 00 00 00 00 00 00 00 00 00 00 00 00 98 03 00 00
0x200023e0: 00 00 00 00 00 00 00 00 00 00 00 00 00 00 00 00 00 00 00 00 00 00 00 00 00 00 00 00 00 00 00 00
0x20002400: 00 00 00 00 00 00 00 00 00 00 00 00 00 00 00 00 00 00 00 00 00 00 00 00 00 00 00 00 00 00 00 00
0x20002420: 00 00 00 00 00 00 00 00 00 00 00 00 00 00 00 00 00 00 00 00 00 00 00 00 00 00 00 00 00 00 00 00
0x20002440: 00 00 00 00 00 00 00 00 00 00 00 00 00 00 00 00 00 00 00 00 00 00 00 00 00 00 00 00 00 00 00 00
0x20002460: 00 00 00 00 00 00 00 00 00 00 00 00 00 00 00 00 00 00 00 00 00 00 00 00 00 00 00 00 00 00 00 00
0x20002480: 00 00 00 00 00 00 00 00 00 00 00 00 00 00 00 00 00 00 00 00 00 00 00 00 00 00 00 00 00 00 00 00
0x200024a0: 00 00 00 00 00 00 00 00 00 00 00 00 00 00 00 00 00 00 00 00 00 00 00 00 00 00 00 00 00 00 00 00
0x200024c0: 00 00 00 00 00 00 00 00 00 00 00 00 00 00 00 00 00 00 00 00 00 00 00 00 00 00 00 00 00 00 00 00
0x200024e0: 00 00 00 00 00 00 00 00 00 00 00 00 00 00 00 00 00 00 00 00 00 00 00 00 00 00 00 00 00 00 00 00
0x20002500: 00 00 00 00 00 00 00 00 00 00 00 00 00 00 00 00 00 00 00 00 00 00 00 00 00 00 00 00 00 00 00 00
0x20002520: 00 00 00 00 00 00 00 00 00 00 00 00 00 00 00 00 00 00 00 00 00 00 00 00 00 00 00 00 00 00 00 00
0x20002540: 00 00 00 00 00 00 00 00 00 00 00 00 00 00 00 00 00 00 00 00 00 00 00 00 00 00 00 00 00 00 00 00
0x20002560: 00 00 00 00 00 00 00 00 00 00 00 00 00 00 00 00 00 00 00 00 00 00 00 00 00 00 00 00 00 00 00 00
0x20002580: 00 00 00 00 00 00 00 00 00 00 00 00 00 00 00 00 00 00 00 00 00 00 00 00 00 00 00 00 00 00 00 00
0x200025a0: 00 00 00 00 00 00 00 00 00 00 00 00 00 00 00 00 00 00 00 00 00 00 00 00 00 00 00 00 00 00 00 00
0x200025c0: 00 00 00 00 00 00 00 00 00 00 00 00 00 00 00 00 00 00 00 00 00 00 00 00 00 00 00 00 00 00 00 00
0x200025e0: 00 00 00 00 00 00 00 00 00 00 00 00 00 00 00 00 00 00 00 00 00 00 00 00 00 00 00 00 00 00 00 00
0x20002600: 00 00 00 00 00 00 00 00 00 00 00 00 00 00 00 00 00 00 00 00 00 00 00 00 00 00 00 00 00 00 00 00
0x20002620: 00 00 00 00 00 00 00 00 00 00 00 00 00 00 00 00 00 00 00 00 00 00 00 00 00 00 00 00 00 00 00 00
0x20002640: 00 00 00 00 00 00 00 00 00 00 00 00 00 00 00 00 00 00 00 00 00 00 00 00 00 00 00 00 00 00 00 00
0x20002660: 00 00 00 00 00 00 00 00 00 00 00 00 00 00 00 00 00 00 00 00 00 00 00 00 00 00 00 00 00 00 00 00
0x20002680: 00 00 00 00 00 00 00 00 00 00 00 00 00 00 00 00 00 00 00 00 00 00 00 00 00 00 00 00 00 00 00 00
0x200026a0: 00 00 00 00 00 00 00 00 00 00 00 00 00 00 00 00 00 00 00 00 00 00 00 00 00 00 00 00 00 00 00 00
0x200026c0: 00 00 00 00 00 00 00 00 00 00 00 00 00 00 00 00 00 00 00 00 00 00 00 00 00 00 00 00 00 00 00 00
0x200026e0: 00 00 00 00 00 00 00 00 00 00 00 00 00 00 00 00 00 00 00 00 00 00 00 00 00 00 00 00 00 00 00 00
0x20002700: 00 00 00 00 00 00 00 00 00 00 00 00 00 00 00 00 00 00 00 00 00 00 00 00 00 00 00 00 00 00 00 00
0x20002720: 00 00 00 00 00 00 00 00 00 00 00 00 00 00 00 00 00 00 00 00 00 00 00 00 00 00 00 00 00 00 00 00
0x20002740: 00 00 00 00 00 00 00 00 00 00 00 00 00 00 00 00 00 00 00 00 00 00 00 00 00 00 00 00 00 00 00 00
0x20002760: 00 00 00 00 00 00 00 00 00 00 00 00 00 00 00 00 00 00 00 00 00 00 00 00 00 00 00 00 00 00 00 00
0x20002780: 00 00 00 00 00 00 00 00 00 00 00 00 00 00 00 00 00 00 00 00 00 00 00 00 00 00 00 00 00 00 00 00
0x200027a0: 00 00 00 00 00 00 00 00 00 00 00 00 00 00 00 00 00 00 00 00 00 00 00 00 00 00 00 00 00 00 00 00
0x200027c0: 00 00 00 00 00 00 00 00 00 00 00 00 00 00 00 00 00 00 00 00 00 00 00 00 00 00 00 00 00 00 00 00
0x200027e0: 00 00 00 00 00 00 00 00 00 00 00 00 00 00 00 00 00 00 00 00 00 00 00 00 00 00 00 00 00 00 00 00
0x20002800: 00 00 00 00 00 00 00 00 00 00 00 00 00 00 00 00 00 00 00 00 00 00 00 00 00 00 00 00 00 00 00 00
0x20002820: 00 00 00 00 00 00 00 00 00 00 00 00 00 00 00 00 00 00 00 00 00 00 00 00 00 00 00 00 00 00 00 00
0x20002840: 00 00 00 00 00 00 00 00 00 00 00 00 00 00 00 00 00 00 00 00 00 00 00 00 00 00 00 00 00 00 00 00
0x20002860: 00 00 00 00 00 00 00 00 00 00 00 00 00 00 00 00 00 00 00 00 00 00 00 00 00 00 00 00 00 00 00 00
0x20002880: 00 00 00 00 00 00 00 00 00 00 00 00 00 00 00 00 00 00 00 00 00 00 00 00 00 00 00 00 00 00 00 00
0x200028a0: 00 00 00 00 00 00 00 00 00 00 00 00 00 00 00 00 00 00 00 00 00 00 00 00 00 00 00 00 00 00 00 00
0x200028c0: 00 00 00 00 00 00 00 00 00 00 00 00 00 00 00 00 00 00 00 00 00 00 00 00 00 00 00 00 00 00 00 00
0x200028e0: 00 00 00 00 00 00 00 00 00 00 00 00 00 00 00 00 00 00 00 00 00 00 00 00 00 00 00 00 00 00 00 00
0x20002900: 00 00 00 00 00 00 00 00 00 00 00 00 00 00 00 00 00 00 00 00 00 00 00 00 00 00 00 00 00 00 00 00
0x20002920: 00 00 00 00 00 00 00 00 00 00 00 00 00 00 00 00 00 00 00 00 00 00 00 00 00 00 00 00 00 00 00 00
0x20002940: 00 00 00 00 00 00 00 00 00 00 00 00 00 00 00 00 00 00 00 00 00 00 00 00 00 00 00 00 00 00 00 00
0x20002960: 00 00 00 00 00 00 00 00 00 00 00 00 00 00 00 00 00 00 00 00 00 00 00 00 00 00 00 00 00 00 00 00
0x20002980: 00 00 00 00 00 00 00 00 00 00 00 00 00 00 00 00 00 00 00 00 00 00 00 00 00 00 00 00 00 00 00 00
0x200029a0: 00 00 00 00 00 00 00 00 00 00 00 00 00 00 00 00 00 00 00 00 00 00 00 00 00 00 00 00 00 00 00 00
0x200029c0: 00 00 00 00 00 00 00 00 00 00 00 00 00 00 00 00 00 00 00 00 00 00 00 00 00 00 00 00 00 00 00 00
0x200029e0: 00 00 00 00 00 00 00 00 00 00 00 00 00 00 00 00 00 00 00 00 00 00 00 00 00 00 00 00 00 00 00 00
0x20002a00: 00 00 00 00 00 00 00 00 00 00 00 00 00 00 00 00 00 00 00 00 00 00 00 00 00 00 00 00 00 00 00 00
0x20002a20: 00 00 00 00 00 00 00 00 00 00 00 00 00 00 00 00 00 00 00 00 00 00 00 00 00 00 00 00 00 00 00 00
0x20002a40: 00 00 00 00 00 00 00 00 00 00 00 00 00 00 00 00 00 00 00 00 00 00 00 00 00 00 00 00 00 00 00 00
0x20002a60: 00 00 00 00 00 00 00 00 00 00 00 00 00 00 00 00 00 00 00 00 00 00 00 00 00 00 00 00 00 00 00 00
0x20002a80: 00 00 00 00 00 00 00 00 00 00 00 00 00 00 00 00 00 00 00 00 00 00 00 00 00 00 00 00 00 00 00 00
0x20002aa0: 00 00 00 00 00 00 00 00 00 00 00 00 00 00 00 00 00 00 00 00 00 00 00 00 00 00 00 00 00 00 00 00
0x20002ac0: 00 00 00 00 00 00 00 00 00 00 00 00 00 00 00 00 00 00 00 00 00 00 00 00 00 00 00 00 00 00 00 00
0x20002ae0: 00 00 00 00 00 00 00 00 00 00 00 00 00 00 00 00 00 00 00 00 00 00 00 00 00 00 00 00 00 00 00 00
0x20002b00: 00 00 00 00 00 00 00 00 00 00 00 00 00 00 00 00 00 00 00 00 00 00 00 00 00 00 00 00 00 00 00 00
0x20002b20: 00 00 00 00 00 00 00 00 00 00 00 00 00 00 00 00 00 00 00 00 00 00 00 00 00 00 00 00 00 00 00 00
0x20002b40: 00 00 00 00 00 00 00 00 00 00 00 00 00 00 00 00 00 00 00 00 00 00 00 00 00 00 00 00 00 00 00 00
0x20002b60: 00 00 00 00 00 00 00 00 00 00 00 00 00 00 00 00 00 00 00 00 00 00 00 00 00 00 00 00 00 00 00 00
0x20002b80: 00 00 00 00 00 00 00 00 00 00 00 00 00 00 00 00 00 00 00 00 00 00 00 00 00 00 00 00 00 00 00 00
0x20002ba0: 00 00 00 00 00 00 00 00 00 00 00 00 00 00 00 00 00 00 00 00 00 00 00 00 00 00 00 00 00 00 00 00
0x20002bc0: 00 00 00 00 00 00 00 00 00 00 00 00 00 00 00 00 00 00 00 00 00 00 00 00 00 00 00 00 00 00 00 00
0x20002be0: 00 00 00 00 00 00 00 00 00 00 00 00 00 00 00 00 00 00 00 00 00 00 00 00 00 00 00 00 00 00 00 00
0x20002c00: 00 00 00 00 00 00 00 00 00 00 00 00 00 00 00 00 00 00 00 00 00 00 00 00 00 00 00 00 00 00 00 00
0x20002c20: 00 00 00 00 00 00 00 00 00 00 00 00 00 00 00 00 00 00 00 00 00 00 00 00 00 00 00 00 00 00 00 00
0x20002c40: 00 00 00 00 00 00 00 00 00 00 00 00 00 00 00 00 00 00 00 00 00 00 00 00 00 00 00 00 00 00 00 00
0x20002c60: 00 00 00 00 00 00 00 00 00 00 00 00 00 00 00 00 00 00 00 00 00 00 00 00 00 00 00 00 00 00 00 00
0x20002c80: 00 00 00 00 00 00 00 00 00 00 00 00 00 00 00 00 00 00 00 00 00 00 00 00 00 00 00 00 00 00 00 00
0x20002ca0: 00 00 00 00 00 00 00 00 00 00 00 00 00 00 00 00 00 00 00 00 00 00 00 00 00 00 00 00 00 00 00 00
0x20002cc0: 00 00 00 00 00 00 00 00 00 00 00 00 00 00 00 00 00 00 00 00 00 00 00 00 00 00 00 00 00 00 00 00
0x20002ce0: 00 00 00 00 00 00 00 00 00 00 00 00 00 00 00 00 00 00 00 00 00 00 00 00 00 00 00 00 00 00 00 00
0x20002d00: 00 00 00 00 00 00 00 00 00 00 00 00 00 00 00 00 00 00 00 00 00 00 00 00 00 00 00 00 00 00 00 00
0x20002d20: 00 00 00 00 00 00 00 00 00 00 00 00 00 00 00 00 00 00 00 00 00 00 00 00 00 00 00 00 00 00 00 00
0x20002d40: 00 00 00 00 00 00 00 00 00 00 00 00 00 00 00 00 00 00 00 00 00 00 00 00 00 00 00 00 00 00 00 00
0x20002d60: 00 00 00 00 00 00 00 00 00 00 00 00 00 00 00 00 00 00 00 00 00 00 00 00 00 00 00 00 00 00 00 00
0x20002d80: 00 00 00 00 00 00 00 00 00 00 00 00 00 00 00 00 00 00 00 00 00 00 00 00 00 00 00 00 00 00 00 00
0x20002da0: 00 00 00 00 00 00 00 00 00 00 00 00 00 00 00 00 00 00 00 00 00 00 00 00 00 00 00 00 00 00 00 00
0x20002dc0: 00 00 00 00 00 00 00 00 00 00 00 00 00 00 00 00 00 00 00 00 00 00 00 00 00 00 00 00 00 00 00 00
0x20002de0: 00 00 00 00 00 00 00 00 00 00 00 00 00 00 00 00 00 00 00 00 00 00 00 00 00 00 00 00 00 00 00 00
0x20002e00: 00 00 00 00 00 00 00 00 00 00 00 00 00 00 00 00 00 00 00 00 00 00 00 00 00 00 00 00 00 00 00 00
0x20002e20: 00 00 00 00 00 00 00 00 00 00 00 00 00 00 00 00 00 00 00 00 00 00 00 00 00 00 00 00 00 00 00 00
0x20002e40: 00 00 00 00 00 00 00 00 00 00 00 00 00 00 00 00 00 00 00 00 00 00 00 00 00 00 00 00 00 00 00 00
0x20002e60: 00 00 00 00 00 00 00 00 00 00 00 00 00 00 00 00 00 00 00 00 00 00 00 00 00 00 00 00 00 00 00 00
0x20002e80: 00 00 00 00 00 00 00 00 00 00 00 00 00 00 00 00 00 00 00 00 00 00 00 00 00 00 00 00 00 00 00 00
0x20002ea0: 00 00 00 00 00 00 00 00 00 00 00 00 00 00 00 00 00 00 00 00 00 00 00 00 00 00 00 00 00 00 00 00
0x20002ec0: 00 00 00 00 00 00 00 00 00 00 00 00 00 00 00 00 00 00 00 00 00 00 00 00 00 00 00 00 00 00 00 00
0x20002ee0: 00 00 00 00 00 00 00 00 00 00 00 00 00 00 00 00 00 00 00 00 00 00 00 00 00 00 00 00 00 00 00 00
0x20002f00: 00 00 00 00 00 00 00 00 00 00 00 00 00 00 00 00 00 00 00 00 00 00 00 00 00 00 00 00 00 00 00 00
0x20002f20: 00 00 00 00 00 00 00 00 00 00 00 00 00 00 00 00 00 00 00 00 00 00 00 00 00 00 00 00 00 00 00 00
0x20002f40: 00 00 00 00 00 00 00 00 00 00 00 00 00 00 00 00 00 00 00 00 00 00 00 00 00 00 00 00 00 00 00 00
0x20002f60: 00 00 00 00 00 00 00 00 00 00 00 00 00 00 00 00 00 00 00 00 00 00 00 00 00 00 00 00 00 00 00 00
0x20002f80: 00 00 00 00 00 00 00 00 00 00 00 00 00 00 00 00 00 00 00 00 00 00 00 00 00 00 00 00 00 00 00 00
0x20002fa0: 00 00 00 00 00 00 00 00 00 00 00 00 00 00 00 00 00 00 00 00 00 00 00 00 00 00 00 00 00 00 00 00
0x20002fc0: 00 00 00 00 00 00 00 00 00 00 00 00 00 00 00 00 00 00 00 00 00 00 00 00 00 00 00 00 00 00 00 00
0x20002fe0: 00 00 00 00 00 00 00 00 00 00 00 00 00 00 00 00 00 00 00 00 00 00 00 00 00 00 00 00 00 00 00 00
0x20003000: 00 00 00 00 00 00 00 00 00 00 00 00 00 00 00 00 00 00 00 00 00 00 00 00 00 00 00 00 00 00 00 00
0x20003020: 00 00 00 00 00 00 00 00 00 00 00 00 00 00 00 00 00 00 00 00 00 00 00 00 00 00 00 00 00 00 00 00
0x20003040: 00 00 00 00 00 00 00 00 00 00 00 00 00 00 00 00 00 00 00 00 00 00 00 00 00 00 00 00 00 00 00 00
0x20003060: 00 00 00 00 00 00 00 00 00 00 00 00 00 00 00 00 00 00 00 00 00 00 00 00 00 00 00 00 00 00 00 00
0x20003080: 00 00 00 00 00 00 00 00 00 00 00 00 00 00 00 00 00 00 00 00 00 00 00 00 00 00 00 00 00 00 00 00
0x200030a0: 00 00 00 00 00 00 00 00 00 00 00 00 00 00 00 00 00 00 00 00 00 00 00 00 00 00 00 00 00 00 00 00
0x200030c0: 00 00 00 00 00 00 00 00 00 00 00 00 00 00 00 00 00 00 00 00 00 00 00 00 00 00 00 00 00 00 00 00
0x200030e0: 00 00 00 00 00 00 00 00 00 00 00 00 00 00 00 00 00 00 00 00 00 00 00 00 00 00 00 00 00 00 00 00
0x20003100: 00 00 00 00 00 00 00 00 00 00 00 00 00 00 00 00 00 00 00 00 00 00 00 00 00 00 00 00 00 00 00 00
0x20003120: 00 00 00 00 00 00 00 00 00 00 00 00 00 00 00 00 00 00 00 00 00 00 00 00 00 00 00 00 00 00 00 00
0x20003140: 00 00 00 00 00 00 00 00 00 00 00 00 00 00 00 00 00 00 00 00 00 00 00 00 00 00 00 00 00 00 00 00
0x20003160: 00 00 00 00 00 00 00 00 00 00 00 00 00 00 00 00 00 00 00 00 00 00 00 00 00 00 00 00 00 00 00 00
0x20003180: 00 00 00 00 00 00 00 00 00 00 00 00 00 00 00 00 00 00 00 00 00 00 00 00 00 00 00 00 00 00 00 00
0x200031a0: 00 00 00 00 00 00 00 00 00 00 00 00 00 00 00 00 00 00 00 00 00 00 00 00 00 00 00 00 00 00 00 00
0x200031c0: 00 00 00 00 00 00 00 00 00 00 00 00 00 00 00 00 00 00 00 00 00 00 00 00 00 00 00 00 00 00 00 00
0x200031e0: 00 00 00 00 00 00 00 00 00 00 00 00 00 00 00 00 00 00 00 00 00 00 00 00 00 00 00 00 00 00 00 00
0x20003200: 00 00 00 00 00 00 00 00 00 00 00 00 00 00 00 00 00 00 00 00 00 00 00 00 00 00 00 00 00 00 00 00
0x20003220: 00 00 00 00 00 00 00 00 00 00 00 00 00 00 00 00 00 00 00 00 00 00 00 00 00 00 00 00 00 00 00 00
0x20003240: 00 00 00 00 00 00 00 00 00 00 00 00 00 00 00 00 00 00 00 00 00 00 00 00 00 00 00 00 00 00 00 00
0x20003260: 00 00 00 00 00 00 00 00 00 00 00 00 00 00 00 00 00 00 00 00 00 00 00 00 00 00 00 00 00 00 00 00
0x20003280: 00 00 00 00 00 00 00 00 00 00 00 00 00 00 00 00 00 00 00 00 00 00 00 00 00 00 00 00 00 00 00 00
0x200032a0: 00 00 00 00 00 00 00 00 00 00 00 00 00 00 00 00 00 00 00 00 00 00 00 00 00 00 00 00 00 00 00 00
0x200032c0: 00 00 00 00 00 00 00 00 00 00 00 00 00 00 00 00 00 00 00 00 00 00 00 00 00 00 00 00 00 00 00 00
0x200032e0: 00 00 00 00 00 00 00 00 00 00 00 00 00 00 00 00 00 00 00 00 00 00 00 00 00 00 00 00 00 00 00 00
0x20003300: 00 00 00 00 00 00 00 00 00 00 00 00 00 00 00 00 00 00 00 00 00 00 00 00 00 00 00 00 00 00 00 00
0x20003320: 00 00 00 00 00 00 00 00 00 00 00 00 00 00 00 00 00 00 00 00 00 00 00 00 00 00 00 00 00 00 00 00
0x20003340: 00 00 00 00 00 00 00 00 00 00 00 00 00 00 00 00 00 00 00 00 00 00 00 00 00 00 00 00 00 00 00 00
0x20003360: 00 00 00 00 00 00 00 00 00 00 00 00 00 00 00 00 00 00 00 00 00 00 00 00 00 00 00 00 00 00 00 00
0x20003380: 00 00 00 00 00 00 00 00 00 00 00 00 00 00 00 00 00 00 00 00 00 00 00 00 00 00 00 00 00 00 00 00
0x200033a0: 00 00 00 00 00 00 00 00 00 00 00 00 00 00 00 00 00 00 00 00 00 00 00 00 00 00 00 00 00 00 00 00
0x200033c0: 00 00 00 00 00 00 00 00 00 00 00 00 00 00 00 00 00 00 00 00 00 00 00 00 00 00 00 00 00 00 00 00
0x200033e0: 00 00 00 00 00 00 00 00 00 00 00 00 00 00 00 00 00 00 00 00 00 00 00 00 00 00 00 00 00 00 00 00
0x20003400: 00 00 00 00 00 00 00 00 00 00 00 00 00 00 00 00 00 00 00 00 00 00 00 00 00 00 00 00 00 00 00 00
0x20003420: 00 00 00 00 00 00 00 00 00 00 00 00 00 00 00 00 00 00 00 00 00 00 00 00 00 00 00 00 00 00 00 00
0x20003440: 00 00 00 00 00 00 00 00 00 00 00 00 00 00 00 00 00 00 00 00 00 00 00 00 00 00 00 00 00 00 00 00
0x20003460: 00 00 00 00 00 00 00 00 00 00 00 00 00 00 00 00 00 00 00 00 00 00 00 00 00 00 00 00 00 00 00 00
0x20003480: 00 00 00 00 00 00 00 00 00 00 00 00 00 00 00 00 00 00 00 00 00 00 00 00 00 00 00 00 00 00 00 00
0x200034a0: 00 00 00 00 00 00 00 00 00 00 00 00 00 00 00 00 00 00 00 00 00 00 00 00 00 00 00 00 00 00 00 00
0x200034c0: 00 00 00 00 00 00 00 00 00 00 00 00 00 00 00 00 00 00 00 00 00 00 00 00 00 00 00 00 0a 00 00 00
0x200034e0: 00 00 00 00 e9 7c 01 08 00 00 00 00 00 00 00 00 00 00 00 00 00 00 00 00 00 00 00 00 00 00 00 00
0x20003500: 00 00 00 00 45 30 30 30 30 37 34 34 33 31 38 36 30 35 31 37 33 37 35 34 45 64 6e 37 39 73 31 31
0x20003520: 35 77 77 31 37 31 31 31 34 30 30 31 00 00 00 00 00 00 00 00 00 00 00 00 00 00 00 00 00 00 00 00
0x20003540: 00 00 00 00 00 00 00 00 00 00 00 00 00 00 00 00 00 00 00 00 00 00 00 00 00 00 00 00 ff ff ff ff
0x20003560: ff ff ff ff 00 a2 ff ff ff ff ff ff ff ff ff ff ff ff ff ff ff ff ff ff ff ff ff ff ff ff ff ff
0x20003580: ff ff ff ff ff ff ff ff ff ff ff ff ff ff ff ff ff ff ff ff ff ff ff ff ff ff ff ff ff ff ff ff
0x200035a0: ff ff ff ff ff ff ff ff ff ff ff ff ff ff ff ff ff ff ff ff ff ff ff ff ff ff ff ff ff ff ff ff
0x200035c0: ff ff ff ff ff ff ff ff ff ff ff ff ff ff ff ff ff ff ff ff ff ff ff ff ff ff ff ff ff ff ff ff
0x200035e0: ff ff ff ff ff ff ff ff ff ff ff ff ff ff ff ff ff ff ff ff ff ff ff ff ff ff ff ff ff ff ff ff
0x20003600: ff ff ff ff ff ff ff ff ff ff ff ff ff ff ff ff ff ff ff ff ff ff ff ff ff ff ff ff ff ff ff ff
0x20003620: ff ff ff ff ff ff ff ff ff ff ff ff 00 00 00 00 00 00 00 00 00 00 00 00 00 00 00 00 00 00 00 00
0x20003640: 00 00 00 00 00 00 00 00 00 00 00 00 00 00 00 00 00 00 00 00 00 00 00 00 00 00 00 00 00 00 00 00
0x20003660: 00 00 00 00 00 00 00 00 e8 07 00 20 bf 01 01 08 e8 07 00 20 f9 ff ff ff 00 48 00 40 40 00 00 00
0x20003680: 00 00 00 00 0a 00 00 00 ff ff ff ff f7 37 01 08 46 38 01 08 00 00 00 81 00 6c dc 02 e8 07 00 20
0x200036a0: 40 00 00 00 00 00 00 00 0a 00 00 00 e8 07 00 20 e9 36 00 20 01 00 00 00 6c 37 00 20 c7 a1 00 08
0x200036c0: ff ff ff ff e8 07 00 20 e8 36 00 20 01 00 00 00 0a 00 00 00 c4 04 00 20 11 87 01 08 0d 00 00 00
0x200036e0: 6c 37 00 20 0d 7b 01 08 0a 00 00 00 c4 04 00 20 f4 a5 01 08 13 70 01 08 06 00 00 00 5f 86 00 08
0x20003700: 00 6c dc 02 01 02 03 04 90 08 00 20 58 37 00 20 00 00 00 00 00 00 00 c1 30 09 00 20 a9 0b 00 08
0x20003720: 7c 09 00 20 01 00 00 00 f4 a5 01 08 91 78 00 08 9d 05 00 00 bf 01 01 08 fc 06 00 00 bf 01 01 08
0x20003740: fc 06 00 00 f9 ff ff ff f4 a5 01 08 bf 01 01 08 f4 a5 01 08 f9 ff ff ff 00 00 00 00 00 10 00 00
0x20003760: 00 04 00 48 00 00 00 00 ff ff ff ff 5d 85 01 08 52 85 01 08 00 00 00 61 ae 5c 3c c9 4f 37 08 8d
0x20003780: e8 05 aa 7d d5 22 71 fb 1f 58 df e4 2c 72 6a 55 2b d0 ee e1 f4 b2 dd e3 55 ee 75 ea e6 03 a1 9f
0x200037a0: f5 b1 b1 2c 11 75 a2 4c df f9 e7 67 87 91 e2 6f d5 2b 75 63 98 5b 08 b7 3e 55 bb 43 15 ef 51 e9
0x200037c0: 08 dc 8b 07 15 ef 97 a2 7d 86 df 2f 0b 07 ea b6 ac ce aa 01 05 8e d0 9f 26 8d 93 ac 0c 09 aa 7d
0x200037e0: 02 86 65 22 b8 f1 2f b3 bf 75 37 53 ee b8 51 fa 9d 34 47 62 9d 16 66 5b e2 4f 08 5f 51 2f 51 9a
0x20003800: 2b 65 bb d7 a7 32 bd fd 5c d7 e1 0a ae 45 ca 52 08 f1 a2 2d 75 ab 14 b9 dc 13 51 ab 81 94 1b 39
0x20003820: 15 a3 65 62 b6 55 64 55 18 ed df 46 14 a0 c5 56 38 69 d1 6e af d5 23 57 aa e0 bc 1d 8f ae d0 1a
0x20003840: a7 cd ee 15 55 ca c5 2e 70 3f 7e 8a e8 05 a6 08 3f 0c ea 05 05 38 d7 ae 95 fa 3f 2e 92 58 27 0c
0x20003860: 33 9a c1 eb bf d5 6a 4b e0 c4 8a 24 30 8a a2 aa d5 a6 85 2f 9a 75 83 85 fa 5d aa 57 85 2a 90 c4
0x20003880: ea e4 b3 03 52 a2 fa 2e 09 ea 37 3a 8a 26 9f 31 28 f8 b4 52 85 be 34 db 77 a0 7d 87 93 07 20 15
0x200038a0: 51 6f 11 a2 ef 25 1b cd e4 25 b4 d6 e5 a7 34 c4 ec 27 31 c8 6a 09 b9 cb b3 15 ca 8d 67 42 07 09
0x200038c0: a3 54 c9 51 f9 8d ca ec 54 eb 09 fa 2b 5b 86 c5 c0 e5 3f 07 c5 aa 71 26 d3 ad dd ae 80 a4 a0 25
0x200038e0: 61 a8 41 e3 aa e6 89 eb 2e 4b f8 f5 ae e0 71 e2 6c 06 b8 e1 2a 55 ea 71 e3 9d f8 7d 60 1d 7d 32
0x20003900: 8a 50 aa d2 7d bb dd c7 e7 fa 35 a1 04 e3 9c 81 e8 a0 23 6d d5 8a 37 fb 53 af 39 e8 b1 89 61 fd
0x20003920: 98 a4 55 84 ec c4 fa 8d 2f 4c 16 53 c5 b2 d0 bb 51 28 15 42 c1 0b 2d 47 bf 57 af 26 9d 8b 45 aa
0x20003940: 23 4d a1 41 75 2c c9 ab ed 26 33 b6 bb 00 26 6c e8 25 1b e4 d8 af 1b e5 dd 62 d7 8a da 50 0e 13
0x20003960: 16 44 dd 91 fa 57 9d 9d ea 1d 2a 44 20 0b 3d a8 63 0c 1a ae e9 7c da 4d 5b bc e6 7d 31 fc c7 0d
0x20003980: 22 f5 ca 7d fd a6 72 be 69 a9 17 64 60 55 02 98 2a 05 05 52 15 89 67 e8 1b ea 73 3d 03 54 2e 32
0x200039a0: 4c 91 78 2e a2 54 a9 55 ae c1 83 d5 b4 0c 81 45 f6 a2 dd 8a e3 e6 db e6 84 fb ff 53 65 e3 97 2a
0x200039c0: a8 18 24 75 f6 2d 7f 3d 4f be df 3b 0a 34 0e 54 08 57 1f 90 19 6b 57 b9 5b 88 17 2a 48 0d 3b 3f
0x200039e0: 69 a8 45 ef 2e f1 96 c7 0e f5 f4 5d 1d ab d4 46 27 07 d5 ff 8e 15 df f7 ee dc ba f7 8e 90 d7 a2
0x20003a00: e8 d6 cb 2f 67 e7 d5 ea 37 ab 05 1a 95 3c 83 2b 72 67 8f 83 56 ac 87 a3 7c aa e7 a9 65 64 86 94
0x20003a20: 39 0a d1 08 bd 0c fb 6d 9f 57 ab 5b b7 a6 53 98 8b 52 69 5b aa 52 62 03 3e 15 ab af 65 82 a5 01
0x20003a40: 3b 6c f0 95 99 ae 57 92 54 a3 cd 6b 88 64 89 15 8e 81 8c 65 85 b5 44 e6 95 fa dc ab 08 38 6e 59
0x20003a60: 74 c8 06 5a e7 15 b0 dd ab 1b d3 74 e5 30 93 a8 e3 0e c7 7b c6 5c 67 5c 4a 59 3c 63 02 5c 54 6b
0x20003a80: ba 05 a8 b5 3a 23 fe ba 5f 24 ed eb cf 21 a6 71 7a 15 e2 cd 26 3f d6 ee 7f 97 70 ae 0e 91 f2 fc
0x20003aa0: 99 68 d5 8a 0e 55 bb 53 a8 d5 26 8d 98 d4 24 1b 41 87 16 8a 53 57 2a 4f ff 95 8a c5 55 08 c0 ac
0x20003ac0: 8a 28 aa 42 da 78 35 0b 01 81 55 b8 08 11 74 47 25 10 92 25 51 82 f3 29 d5 83 6d 2a 90 c5 b6 55
0x20003ae0: b1 aa 55 4f aa 13 8d 34 a2 70 04 79 40 52 06 28 a5 69 54 92 ae d4 aa fb 6a dc ae ed 05 8c 7b 08
0x20003b00: 07 d1 ac 41 4d 8a 86 ad 56 3e 48 2b 69 3c 81 0d 62 5f a8 41 d2 57 6c 6a 77 ea 16 3a 55 c5 12 06
0x20003b20: 07 e2 15 ca 96 f3 1e 2b a3 d7 6a 45 12 3b 31 4a 40 bb 48 22 e0 d7 61 f1 73 71 0a 95 05 ba 74 80
0x20003b40: a8 54 89 16 dc f4 89 3b 43 68 b7 ea 62 5c ba 72 55 79 86 4e 1c b6 c6 76 61 ba 46 86 28 67 42 0e
0x20003b60: 85 2e 4d a9 ae bd 2b 8b bc df fc 33 d4 ae 6c 0a 14 52 d6 72 09 d0 f9 9f a2 de eb 77 13 6e 77 fe
0x20003b80: ce 86 c5 85 d5 a3 51 ce 54 5b d4 fe c0 2d 01 54 f0 7f a0 54 5c 7e 3f da 17 a6 f5 8a d0 36 a9 c0
0x20003ba0: 53 a8 05 80 29 cd bc 2b bb 55 fd fe 04 2a 51 68 52 be 35 8e b2 15 ed d4 bb 57 2a 0c d2 3d 86 20
0x20003bc0: 2a 42 e0 35 25 38 d1 cf d7 14 7c bc aa 0c b5 50 9b 1f bc 60 1f 9c 7b 8f 53 bd 69 81 8a 05 ee 11
0x20003be0: 12 2b 38 0c e7 59 ea 1c be d7 fe 55 75 8f f7 40 0d 8e 4c 7d 63 d7 fa 7e a8 35 9a 57 25 a3 9c 3a
0x20003c00: 83 e1 a3 13 5d 78 8d ef 90 3b c7 ec 2a 53 28 6f 88 5d a0 71 fd 8e 53 8a 75 c0 7f 68 f7 ca 3a 11
0x20003c20: 1d ea 05 3b 6a 76 a3 db 22 de 0b 5f 4f 3e 23 8b 45 8a ce 16 15 d7 c9 66 be 55 aa 55 65 d5 17 06
0x20003c40: 2a d5 e6 69 17 da d7 ef 54 ab 95 6f 00 fd 1b 7f 44 b2 82 41 05 8a 15 09 55 2e 35 ba 0c 4c 33 93
0x20003c60: 57 aa 55 b3 3e 8d 7d bb f3 86 0b c4 f3 a8 95 aa 05 a6 5d b2 a7 c8 9e b3 aa 5d 72 5c a3 c2 b4 22
0x20003c80: aa 45 08 1f fd ce 72 1b 7c e8 df 93 6a c5 fa 99 a8 61 01 53 dd ab 55 8f e5 ab ed ae fd 0f 41 1e
0x20003ca0: 50 a0 54 eb 52 dc 37 f7 66 dd fc d7 42 be 55 a3 65 85 d0 cb 0d 10 87 d3 e8 75 f6 31 4d 60 e4 08
0x20003cc0: aa 75 b2 30 d7 65 b5 ae f7 8a 1f c3 aa 10 7b a2 b4 06 b6 43 55 b6 76 ee dd db d7 c4 6a 51 b7 54
0x20003ce0: 76 aa 13 65 66 87 b8 03 57 77 2f 95 54 b3 55 01 0e 3f 03 80 8b 15 ab 87 fd e7 83 bc d4 81 c7 ae
0x20003d00: 88 93 ab 50 de a7 d7 fe f7 28 f2 eb 86 34 e2 fb 0b 6d 8a 97 55 a9 53 da 5d ab 07 2e 8c f5 00 16
0x20003d20: 7b 0e 94 22 da 55 ca fe ea 40 da 1f 4a 28 df b2 09 64 19 8a 8b 4d 0c 51 3d 99 e8 a1 5d ad e4 31
0x20003d40: 28 50 2a 7d d4 6d 31 a3 5e f7 53 3a 9f 25 32 24 6e 61 d3 01 9f a2 51 00 1f 24 bd 8e bd 10 ad 00
0x20003d60: 74 23 6d 83 db 29 a9 97 ef 85 4e fc 5d 2a 04 98 24 0a d5 e2 ac 15 cb 73 b2 91 ba 77 14 60 0b 0a
0x20003d80: 8b 97 12 a6 91 5e d5 9a 87 a2 3b 92 ae 7f b1 50 6a 95 0e 54 67 a6 95 9e 45 e3 61 bc 2e 44 03 a9
0x20003da0: 75 81 56 e2 79 11 fe d6 ef 96 fa c1 55 86 6d e0 b2 29 d1 da 16 7c b3 5b b2 d7 a0 75 14 f0 03 2b
0x20003dc0: c0 1c a5 58 f1 fb 65 5a 54 98 ca bc ba 10 a3 64 88 90 ea 54 d1 80 e1 e8 f4 7a 88 28 4a 47 80 09
0x20003de0: d4 a9 55 88 56 0c cb 05 a3 6d e4 ff 84 38 02 2f 61 65 cc da 6b 4d cf 75 ea d1 ee b4 03 8b cd 93
0x20003e00: e2 81 a4 1d f7 e4 84 1f 37 b8 42 42 fb 5d 02 44 78 94 8a 6a db ba 76 d8 d9 cb 4d 92 1a 9c 08 51
0x20003e20: 90 ae 05 b8 a0 09 8a 7f fa 46 9c 31 e5 2b a4 3a f9 32 1c 1a 7e 51 9b 53 ed 57 b2 4d 5d 93 11 8a
0x20003e40: 69 f1 28 dd 65 be 44 cf 37 97 7d 1a a6 16 88 18 a6 c7 bc d5 d4 cb 7c a9 7c 3a 54 28 d6 46 80 40
0x20003e60: 28 80 54 f8 8a 54 dc d1 fa b3 ab cf 29 f0 4a c8 f1 b3 e5 b8 e3 bd af f8 a6 f6 e8 5b c6 ae 04 ea
0x20003e80: 3c 51 8a 51 55 8b 5d cb 11 6a 55 28 ba 79 f7 19 23 54 82 58 23 12 97 5a 17 81 5f ab 02 00 1e 43
0x20003ea0: c1 8a 41 8b bb 3f 6d 53 a6 ff be 42 1e 2a 4d 1b 05 a8 11 e2 6d 0c 63 95 bb 4d ee 85 1d 2d 6c a0
0x20003ec0: 09 65 a2 d6 dd de 07 1e 51 0d 0d d3 5b 55 09 91 8a 04 c1 55 4d 28 d5 f5 98 2a 47 a0 88 20 c5 d5
0x20003ee0: 10 69 16 62 62 4d 25 73 af 3c 2d cf 8f 0c 21 aa 6f a1 15 22 0f 75 ab bc aa 6d bb d5 5a 3f f0 91
0x20003f00: 5e 12 81 2d 5c ee 00 79 d5 c5 0d 35 9c c5 2f 75 c8 03 0b d1 58 9a 77 0a 99 88 fc 23 d8 88 96 66
0x20003f20: aa a6 6e 07 93 c7 aa 50 8b 72 27 c5 c9 ea 15 a8 17 2c 45 05 b7 75 e3 3d 2c d1 bb d5 b7 31 17 50
0x20003f40: ae 94 4e 44 87 b2 5d ae 7f be d6 2c 2e 74 06 24 6b 54 a6 52 c3 da 66 de 53 3a ff 28 4a 59 aa 74
0x20003f60: 05 3a 65 b2 29 3b de 55 f2 d7 2a 50 71 ae 3e 11 54 38 48 ca 38 d9 8a 1d ae 7d 2a 9c 0d ba 44 a8
0x20003f80: ab 44 2b f4 d5 fe 37 f0 55 28 14 81 28 50 3a 41 14 81 0b 03 14 f3 c3 aa 4f 9b 51 8a 12 57 42 1b
0x20003fa0: 59 e9 95 4a d8 29 a4 53 a3 ef cc d9 13 e8 6d 33 93 a2 19 8c 82 26 2e 05 1a bd 8e 07 d3 aa 5c 42
0x20003fc0: f8 0a 00 5d dc 86 36 1b 4f da 75 ac 66 d6 be 15 a2 d4 23 a1 9e a6 7d f0 ad 9d cd 8e ce 91 8d 11
0x20003fe0: 9f 8a 24 2e 9f 1e bc 66 7b 3e a5 d6 59 2a 18 f0 58 0c 55 86 ea 55 ed 95 64 95 83 d5 44 61 21 cd
>