0x20000000: c8 00 01 00 00 00 00 00 00 00 00 00 00 00 00 00 00 00 00 00 00 00 00 00 00 00 00 00 00 00 00 00
0x20000020: 00 00 00 00 00 00 00 00 00 00 00 00 00 00 00 00 00 00 00 00 00 00 00 00 00 00 00 00 00 00 00 00
0x20000040: 00 00 00 00 00 00 00 00 00 00 00 00 00 00 00 00 00 00 00 00 00 00 00 00 00 00 00 00 00 00 00 00
0x20000060: 00 00 00 00 00 00 00 00 00 00 00 00 00 00 00 00 00 00 00 00 00 00 00 00 00 00 00 00 00 00 00 00
0x20000080: 00 00 00 00 00 00 00 00 00 00 00 00 00 00 00 00 a5 ca fa a5 cb fa a5 cc fa a5 00 00 00 00 00 00
0x200000a0: 01 00 00 5c 00 00 01 34 fa 00 00 00 00 00 64 00 15 00 1e 00 00 00 00 00 00 00 00 00 00 00 00 00
0x200000c0: 00 00 00 00 00 00 00 00 00 00 00 00 00 00 00 00 00 00 00 00 00 00 00 00 00 00 00 00 00 00 00 00
0x200000e0: 00 00 00 00 00 00 00 00 00 00 00 00 00 00 72 02 00 00 00 00 db 96 fa 1f f9 58 05 20 e3 96 fa 1f
0x20000100: 00 00 00 00 00 00 00 00 00 00 00 00 00 00 00 00 00 00 00 00 00 00 00 00 00 00 00 00 00 00 00 00
0x20000120: 00 00 00 00 00 00 00 00 00 00 00 00 00 00 00 00 00 00 00 00 00 00 00 00 00 00 00 00 00 00 00 00
0x20000140: 00 00 00 00 00 00 00 00 00 00 00 00 00 00 00 00 00 00 00 00 00 00 00 00 00 00 00 00 00 00 00 00
0x20000160: 00 00 00 00 00 00 00 00 00 00 00 00 00 00 00 00 00 00 00 00 00 00 00 00 00 00 00 00 00 00 00 00
0x20000180: 00 00 00 00 00 00 00 00 00 00 00 00 00 00 00 00 00 00 00 00 00 00 00 00 00 00 00 00 00 00 00 00
0x200001a0: 00 00 00 00 00 00 00 00 00 00 00 00 00 00 00 00 00 00 00 00 00 00 00 00 00 00 00 00 00 00 00 00
0x200001c0: 00 00 00 00 00 00 00 00 00 00 00 00 00 00 00 00 00 00 00 00 00 00 00 00 00 00 00 00 00 00 00 00
0x200001e0: 00 00 00 00 00 00 00 00 00 00 00 00 00 00 00 00 00 00 00 00 00 00 00 00 00 00 00 00 00 00 00 00
0x20000200: 00 00 00 00 00 00 00 00 e8 03 00 00 00 00 00 00 00 00 00 00 e8 03 00 00 00 00 00 00 00 00 00 00
0x20000220: 00 00 00 00 00 00 00 00 00 00 00 00 00 00 00 00 00 00 00 00 01 00 00 00 00 00 00 00 00 00 1f 00
0x20000240: 00 00 00 00 00 00 00 00 00 00 00 00 00 00 00 00 00 00 00 00 00 00 00 00 00 00 00 00 03 00 00 00
0x20000260: 00 00 00 00 00 00 00 00 00 00 00 00 00 00 00 00 78 00 78 00 00 00 00 00 00 00 00 00 00 00 00 00
0x20000280: 00 00 00 00 00 00 00 00 00 00 00 00 00 00 00 00 00 00 00 00 00 00 00 00 00 00 00 00 00 00 00 00
0x200002a0: 00 00 00 00 00 00 00 00 00 00 00 00 00 00 00 00 00 00 00 00 00 00 00 00 00 00 00 00 00 00 00 00
0x200002c0: 00 00 00 00 00 00 00 00 00 00 00 00 14 00 00 00 00 00 00 00 00 00 00 00 00 00 00 00 00 00 00 00
0x200002e0: 00 00 00 00 01 00 00 00 00 00 00 00 18 00 00 00 00 00 00 00 00 00 00 00 00 00 00 00 00 00 00 00
0x20000300: 00 00 00 00 00 00 00 00 e8 03 00 00 00 00 00 00 00 00 00 00 00 00 00 00 00 00 00 00 00 00 00 00
0x20000320: 00 00 00 00 00 00 00 00 00 00 00 00 00 00 00 00 00 00 00 00 00 00 00 00 00 00 00 00 03 00 00 00
0x20000340: d9 01 00 00 1f 1c 1f 1e 1f 1e 1f 1f 1e 1f 1e 1f 00 00 00 00 00 00 00 00 00 00 00 00 00 00 00 00
0x20000360: 3f 0c 00 00 9a 40 00 00 00 00 00 00 00 00 00 00 00 00 00 00 00 00 00 00 00 00 00 00 00 00 00 00
0x20000380: 38 2c 00 00 db 20 00 00 4b 14 00 00 00 00 00 00 00 00 00 00 00 00 00 00 00 00 00 00 e7 22 00 00
0x200003a0: 04 00 00 00 01 03 07 00 70 0f 6b 0f 8c 0f ff 0f ff 0f ff 0f dd 0f 00 00 00 00 00 00 00 00 00 00
0x200003c0: 00 00 00 00 00 00 00 00 00 01 01 00 00 00 0c 00 00 00 00 00 00 00 00 00 00 00 87 00 00 6c dc 02
0x200003e0: 6d 13 00 00 80 23 00 20 80 23 00 20 b0 23 00 20 b0 23 00 20 00 00 00 00 00 00 00 00 01 00 00 00
0x20000400: f4 a3 01 08 fc a3 01 08 04 a4 01 08 08 a4 01 08 0c a4 01 08 10 a4 01 08 14 a4 01 08 18 a4 01 08
0x20000420: 1c a4 01 08 20 a4 01 08 f8 a3 01 08 00 a4 01 08 31 31 31 31 31 31 31 31 31 31 31 31 31 31 00 32
0x20000440: 32 32 32 32 32 32 32 32 32 32 32 32 32 00 33 33 33 33 33 33 33 33 33 33 33 33 33 33 00 34 34 34
0x20000460: 34 34 34 34 34 34 34 34 34 34 34 00 35 35 35 35 35 35 35 35 35 35 35 35 35 35 00 36 36 36 36 36
0x20000480: 36 36 36 36 36 36 36 36 36 00 37 37 37 37 37 37 37 37 37 37 37 37 37 37 00 30 30 30 30 30 30 30
0x200004a0: 30 30 30 30 30 30 30 00 00 00 00 00 00 00 00 00 00 00 00 00 00 00 00 00 00 00 00 00 00 00 00 00
0x200004c0: 00 00 00 00 00 00 00 00 dc 23 00 20 01 00 00 00 00 00 00 00 00 00 00 00 00 00 00 00 00 00 00 00
0x200004e0: 00 00 00 00 00 00 07 00 00 00 00 00 00 00 00 00 00 01 00 00 00 00 00 00 00 00 00 00 00 00 00 00
0x20000500: 00 00 00 00 00 00 03 00 00 00 00 00 00 00 00 00 00 01 00 00 00 00 00 00 00 00 00 00 00 00 00 00
0x20000520: 00 00 00 00 00 00 04 00 00 00 00 00 00 00 00 00 00 01 00 00 00 00 00 00 00 00 00 00 00 00 00 00
0x20000540: 00 00 00 00 00 00 02 00 00 00 00 00 00 00 00 00 00 01 00 00 00 00 00 00 00 00 00 00 00 00 00 00
0x20000560: 00 00 00 00 00 00 05 00 00 00 00 00 00 00 00 00 00 01 00 00 00 00 00 00 00 00 00 00 00 00 00 00
0x20000580: 00 00 00 00 00 00 01 00 00 00 00 00 00 00 00 00 00 01 00 00 00 00 00 00 00 00 00 00 00 00 00 00
0x200005a0: 00 00 00 00 00 00 06 00 00 00 00 00 00 00 00 00 00 00 00 00 00 00 00 00 00 00 00 00 00 00 00 00
0x200005c0: 00 00 00 00 00 00 00 00 00 00 00 00 00 00 00 00 00 00 00 00 00 00 00 00 00 00 00 00 00 00 00 00
0x200005e0: 00 00 00 00 00 00 00 00 00 00 00 00 00 00 00 00 00 00 00 00 00 00 00 00 00 00 00 00 00 00 00 00
0x20000600: 00 00 00 00 00 00 00 00 00 00 00 00 00 00 00 00 00 00 00 00 00 00 00 00 00 00 00 00 00 00 00 00
0x20000620: 00 00 00 00 00 00 00 00 00 00 00 00 00 00 00 00 00 00 00 00 00 00 00 00 00 00 00 00 00 00 00 00
0x20000640: 00 00 00 00 00 00 00 00 00 00 00 00 00 00 00 00 00 00 00 00 00 00 00 00 00 00 00 00 00 00 00 00
0x20000660: 00 00 00 00 00 00 00 00 00 00 00 00 00 00 00 00 00 00 00 00 00 00 00 00 00 00 00 00 00 00 00 00
0x20000680: 00 00 00 00 00 00 00 00 00 00 00 00 00 00 00 00 00 00 00 00 00 00 00 00 00 00 00 00 00 00 00 00
0x200006a0: 00 00 00 00 00 00 00 00 00 00 00 00 00 00 00 00 00 00 00 00 00 00 00 00 00 00 00 00 00 00 00 00
0x200006c0: 00 00 00 00 00 00 e8 03 00 00 00 00 00 00 00 00 00 00 00 00 00 00 00 00 00 00 00 00 00 00 00 00
0x200006e0: 00 00 00 00 00 00 00 00 00 00 00 00 00 00 00 00 00 00 00 00 00 00 00 00 00 00 00 00 00 00 00 00
0x20000700: 00 00 00 00 00 00 00 00 00 00 00 00 00 00 00 00 00 00 00 00 00 00 00 00 00 00 00 00 00 00 00 00
0x20000720: 00 00 00 00 00 00 00 00 00 00 00 00 00 00 00 00 00 00 00 00 00 00 00 00 00 00 00 00 00 00 00 00
0x20000740: 00 00 00 00 00 00 00 00 00 00 00 00 00 00 00 00 00 00 00 00 00 00 00 00 00 00 00 00 00 00 00 00
0x20000760: 00 00 00 00 00 00 00 00 00 00 00 00 00 00 00 00 00 00 00 00 00 00 00 00 00 38 01 40 00 c2 01 00
0x20000780: 00 00 00 00 00 00 00 00 00 00 00 00 0c 00 00 00 00 00 00 00 00 00 00 00 00 00 00 00 00 00 00 00
0x200007a0: 00 00 00 00 00 00 00 00 00 00 00 00 00 00 00 00 00 00 00 00 00 00 00 00 00 00 00 00 00 00 00 00
0x200007c0: 00 00 00 00 6a 16 00 20 1f 00 00 00 00 00 00 00 00 00 00 00 00 00 00 00 58 08 00 20 00 00 00 00
0x200007e0: 00 01 00 00 00 00 00 00 00 48 00 40 00 c2 01 00 00 00 00 00 00 00 00 00 00 00 00 00 0c 00 00 00
0x20000800: 00 00 00 00 00 00 00 00 00 00 00 00 00 00 00 00 00 00 00 00 00 00 00 00 00 00 00 00 00 00 00 00
0x20000820: 00 00 00 00 00 00 00 00 00 00 00 00 00 00 00 00 00 00 00 00 00 00 00 00 01 00 00 00 00 00 00 00
0x20000840: 00 00 00 00 00 00 00 00 00 00 00 00 00 00 00 00 00 01 00 00 00 00 00 00 1c 00 02 40 10 00 00 00
0x20000860: 00 00 00 00 80 00 00 00 00 00 00 00 00 00 00 00 00 00 00 00 00 10 00 00 00 01 00 00 78 07 00 20
0x20000880: 7b 35 01 08 b5 35 01 08 55 35 01 08 00 00 00 00 00 28 00 40 00 00 00 00 7f 00 00 00 ff 00 00 00
0x200008a0: 00 00 00 00 00 00 00 00 00 00 00 00 00 01 00 00 00 00 ff 0f 00 00 ff 0f 3c 09 00 00 00 00 08 05
0x200008c0: dc 0f 68 0f 89 0f 6c 0f 00 00 ff 0f 00 00 00 00 00 00 00 00 00 00 00 00 00 00 00 00 00 00 00 00
0x200008e0: 00 00 00 00 00 00 00 00 00 00 00 00 00 00 00 00 00 00 00 00 00 00 00 00 3a 09 00 00 00 00 fb 04
0x20000900: 00 00 b1 04 51 06 e8 02 00 00 00 00 00 00 00 00 00 00 00 00 00 00 00 00 3a 09 00 00 00 00 fc 04
0x20000920: 00 00 b1 04 50 06 e5 02 00 00 00 00 00 00 00 00 00 24 01 40 00 00 00 80 00 00 00 00 00 00 00 00
0x20000940: 01 00 00 00 08 00 00 00 00 00 00 00 00 00 00 00 00 00 00 00 00 00 00 00 00 00 00 00 00 00 00 00
0x20000960: 01 00 00 00 01 00 00 00 00 00 00 00 7c 09 00 20 00 00 00 00 00 01 00 00 00 00 00 00 08 00 02 40
0x20000980: 00 00 00 00 00 00 00 00 80 00 00 00 00 01 00 00 00 04 00 00 20 00 00 00 00 00 00 00 00 01 00 00
0x200009a0: 30 09 00 20 2f 0b 00 08 d3 0b 00 08 b5 0b 00 08 00 00 00 00 00 30 01 40 04 01 00 00 00 00 00 00
0x200009c0: 00 07 00 00 00 00 00 00 00 00 00 00 00 02 00 00 18 00 00 00 00 00 00 00 00 00 00 00 00 00 00 00
0x200009e0: 07 00 00 00 01 00 00 00 08 00 00 00 00 00 00 00 00 00 00 00 00 00 00 00 00 00 00 00 00 00 00 00
0x20000a00: 00 00 00 00 00 00 00 00 00 00 00 00 00 00 00 00 00 01 00 00 00 00 00 00 00 2c 01 40 01 00 00 00
0x20000a20: 00 00 00 00 40 06 00 00 00 00 00 00 00 00 00 00 00 00 00 00 00 00 00 00 00 00 00 00 00 00 00 00
0x20000a40: 00 00 00 00 00 00 00 00 00 00 00 00 00 00 00 00 00 01 00 00 00 00 00 40 c0 12 00 00 00 00 00 00
0x20000a60: ff ff 00 00 00 00 00 00 00 00 00 00 00 00 00 00 00 00 00 00 00 00 00 00 00 00 00 00 00 00 00 00
0x20000a80: 00 00 00 00 00 00 00 00 00 00 00 00 00 01 00 00 00 04 00 40 01 00 00 00 00 00 00 00 60 09 00 00
0x20000aa0: 00 00 00 00 00 00 00 00 00 00 00 00 00 00 00 00 00 00 00 00 00 00 00 00 00 00 00 00 00 00 00 00
0x20000ac0: 00 00 00 00 00 00 00 00 00 01 00 00 00 48 01 40 00 00 00 00 00 00 00 00 00 00 00 00 00 00 00 00
0x20000ae0: 00 00 00 00 00 00 00 00 00 00 00 00 00 00 00 00 00 00 00 00 00 00 00 00 00 00 00 00 00 00 00 00
0x20000b00: 00 00 00 00 00 01 00 00 00 2c 00 40 80 01 00 00 7f 00 00 00 7f 00 00 00 00 01 00 00 00 30 00 40
0x20000b20: 00 00 00 00 ff 0f 00 00 d0 07 00 00 00 03 00 00 00 00 00 00 00 00 00 00 00 00 00 00 00 00 00 00
0x20000b40: 00 00 00 00 00 00 00 00 00 00 00 00 00 00 00 00 41 18 00 08 01 01 02 03 04 00 00 00 32 00 00 00
0x20000b60: 3f 0c 00 00 0a 00 00 00 0a 00 00 00 00 00 00 00 00 00 00 00 59 18 00 08 01 0d 0e 0f 10 00 00 00
0x20000b80: 32 00 00 00 3f 0c 00 00 0a 00 00 00 0a 00 00 00 00 00 00 00 00 00 00 00 02 00 00 00 0e 00 00 00
0x20000ba0: 00 00 00 00 00 00 00 00 00 00 00 00 00 00 00 00 00 00 00 00 00 00 00 00 00 00 00 00 00 00 00 00
0x20000bc0: 00 00 00 00 00 00 00 00 00 00 00 00 00 00 00 00 00 00 00 00 00 00 00 00 00 00 00 00 00 00 00 00
0x20000be0: 00 00 00 00 00 00 00 00 00 00 00 00 00 00 00 00 00 00 00 00 00 00 00 00 00 00 00 00 00 00 00 00
0x20000c00: 00 00 00 00 00 00 00 00 00 00 00 00 00 00 00 00 00 00 00 00 00 00 00 00 00 00 00 00 00 00 00 00
0x20000c20: 00 00 00 00 00 00 00 00 02 02 00 00 00 00 00 00 00 00 00 00 00 00 00 00 00 00 00 00 00 00 00 00
0x20000c40: 00 00 00 00 00 00 00 00 00 00 00 00 00 00 00 00 00 00 00 00 00 00 00 00 00 00 00 00 00 00 00 00
0x20000c60: 00 00 00 00 00 00 00 00 00 00 00 00 00 00 00 00 00 00 00 00 00 00 00 00 00 00 00 00 00 00 00 00
0x20000c80: 00 00 00 00 00 00 00 00 00 00 00 00 00 00 00 00 00 00 00 00 00 00 00 00 00 00 00 00 00 00 00 00
0x20000ca0: 00 00 00 00 00 00 00 00 00 00 00 00 00 00 00 00 00 00 00 00 00 00 00 00 00 00 00 00 00 00 00 00
0x20000cc0: 00 00 00 00 00 00 00 00 00 00 00 00 00 00 00 00 00 00 00 00 00 00 00 00 00 00 00 00 00 00 00 00
0x20000ce0: 00 00 00 00 00 00 00 00 00 00 00 00 00 00 00 00 00 00 00 00 00 00 00 00 00 00 00 00 00 00 00 00
0x20000d00: 00 00 00 00 00 00 00 00 00 00 00 00 00 00 00 00 00 00 00 00 00 00 00 00 00 00 00 00 00 00 00 00
0x20000d20: 00 00 00 00 00 00 00 00 00 00 00 00 00 00 00 00 00 00 00 00 00 00 00 00 00 00 00 00 00 00 00 00
0x20000d40: 00 00 00 00 00 00 00 00 00 00 00 00 00 00 00 00 00 00 00 00 00 00 00 00 00 00 00 00 02 00 00 00
0x20000d60: 02 00 00 00 00 00 00 00 00 00 00 00 00 00 00 00 00 00 00 00 00 00 00 00 00 00 00 00 00 00 00 00
0x20000d80: 00 00 00 00 00 00 00 00 00 00 00 00 00 00 00 00 00 00 00 00 00 00 00 00 00 00 00 00 00 00 00 00
0x20000da0: 00 00 00 00 00 00 00 00 00 00 00 00 00 00 00 00 00 00 00 00 00 00 00 00 00 00 00 00 00 00 00 00
0x20000dc0: 00 00 00 00 00 00 00 00 00 00 00 00 00 00 00 00 00 00 00 00 00 00 00 00 00 00 00 00 00 00 00 00
0x20000de0: 00 00 00 00 00 00 00 00 00 00 00 00 00 00 00 00 00 00 00 00 00 00 00 00 00 00 00 00 00 00 00 00
0x20000e00: 00 00 00 00 00 00 00 00 00 00 00 00 00 00 00 00 00 00 00 00 00 00 00 00 00 00 00 00 00 00 00 00
0x20000e20: 00 00 00 00 00 00 00 00 00 00 00 00 00 00 00 00 00 00 00 00 00 00 00 00 00 00 00 00 00 00 00 00
0x20000e40: 00 00 00 00 00 00 00 00 00 00 00 00 00 00 00 00 00 00 00 00 00 00 00 00 00 00 00 00 00 00 00 00
0x20000e60: 00 00 00 00 00 00 00 00 00 00 00 00 00 00 00 00 00 00 00 00 00 00 00 00 00 00 00 00 01 00 00 00
0x20000e80: 00 00 00 00 01 00 01 00 00 00 00 00 0a 00 00 00 00 00 00 00 01 01 00 00 00 00 00 00 0e 00 00 00
0x20000ea0: 00 00 00 00 0e 01 00 00 00 00 00 00 00 01 00 00 00 00 00 00 00 02 00 00 00 00 00 00 00 03 00 00
0x20000ec0: 00 00 00 00 0b 01 00 00 00 00 00 00 09 00 00 00 00 00 01 00 09 00 00 00 00 00 01 00 09 00 00 00
0x20000ee0: 00 00 01 00 09 00 00 00 00 00 01 00 09 00 00 00 00 00 01 00 09 00 00 00 00 00 01 00 09 00 00 00
0x20000f00: 00 00 01 00 09 01 00 00 00 00 01 00 09 01 00 00 00 00 01 00 09 01 00 00 00 00 01 00 09 01 00 00
0x20000f20: 00 00 01 00 0d 01 00 00 00 00 00 00 0d 00 00 00 00 00 00 00 0d 01 00 00 00 00 00 00 0d 03 00 00
0x20000f40: 00 00 00 00 09 04 00 00 00 00 00 00 09 04 00 00 00 00 00 00 09 03 00 00 00 00 00 00 07 00 00 00
0x20000f60: 00 00 00 00 02 01 00 00 00 00 00 00 02 00 00 00 00 00 00 00 00 00 00 00 00 00 00 00 03 00 00 00
0x20000f80: 00 00 00 00 00 00 00 00 00 00 00 00 00 00 00 00 00 00 00 00 00 00 00 00 00 00 00 00 00 00 00 00
0x20000fa0: 00 00 00 00 00 00 00 00 00 00 00 00 00 00 00 00 00 00 00 00 00 00 00 00 00 00 00 00 00 00 00 00
0x20000fc0: 00 00 00 00 00 07 0e 09 1c 1b 12 15 38 3f 36 31 24 23 2a 2d 70 77 7e 79 6c 6b 62 65 48 4f 46 41
0x20000fe0: 54 53 5a 5d e0 e7 ee e9 fc fb f2 f5 d8 df d6 d1 c4 c3 ca cd 90 97 9e 99 8c 8b 82 85 a8 af a6 a1
0x20001000: b4 b3 ba bd c7 c0 c9 ce db dc d5 d2 ff f8 f1 f6 e3 e4 ed ea b7 b0 b9 be ab ac a5 a2 8f 88 81 86
0x20001020: 93 94 9d 9a 27 20 29 2e 3b 3c 35 32 1f 18 11 16 03 04 0d 0a 57 50 59 5e 4b 4c 45 42 6f 68 61 66
0x20001040: 73 74 7d 7a 89 8e 87 80 95 92 9b 9c b1 b6 bf b8 ad aa a3 a4 f9 fe f7 f0 e5 e2 eb ec c1 c6 cf c8
0x20001060: dd da d3 d4 69 6e 67 60 75 72 7b 7c 51 56 5f 58 4d 4a 43 44 19 1e 17 10 05 02 0b 0c 21 26 2f 28
0x20001080: 3d 3a 33 34 4e 49 40 47 52 55 5c 5b 76 71 78 7f 6a 6d 64 63 3e 39 30 37 22 25 2c 2b 06 01 08 0f
0x200010a0: 1a 1d 14 13 ae a9 a0 a7 b2 b5 bc bb 96 91 98 9f 8a 8d 84 83 de d9 d0 d7 c2 c5 cc cb e6 e1 e8 ef
0x200010c0: fa fd f4 f3 00 00 00 00 00 00 00 00 00 00 00 00 00 00 00 00 00 00 00 00 00 00 00 00 00 00 00 00
0x200010e0: 00 00 00 00 00 00 00 00 00 00 00 00 00 00 00 00 00 00 00 00 00 00 00 00 00 00 00 00 00 00 00 00
0x20001100: 00 00 00 00 00 00 00 00 00 00 00 00 00 00 00 00 00 00 00 00 00 00 00 00 00 00 00 00 00 00 00 00
0x20001120: 00 00 00 00 00 00 00 00 00 00 00 00 00 00 00 00 00 00 00 00 00 00 00 00 00 00 00 00 00 00 00 00
0x20001140: 00 00 00 00 00 00 00 00 00 00 00 00 00 00 00 00 00 00 00 00 00 00 00 00 00 00 00 00 00 00 00 00
0x20001160: 00 00 00 00 00 00 00 00 00 00 00 00 00 00 00 00 00 00 00 00 00 00 00 00 00 00 00 00 00 00 00 00
0x20001180: 00 00 00 00 00 00 00 00 00 00 00 00 00 00 00 00 00 00 00 00 00 00 00 00 00 00 00 00 00 00 00 00
0x200011a0: 00 00 00 00 00 00 00 00 00 00 00 00 00 00 00 00 00 00 00 00 00 00 00 00 00 00 00 00 00 00 00 00
0x200011c0: 00 00 00 00 00 00 00 00 00 00 00 00 00 00 00 00 00 00 00 00 00 00 00 00 00 00 00 00 00 00 00 00
0x200011e0: 00 00 00 00 00 00 00 00 00 00 00 00 00 00 00 00 00 00 00 00 00 00 00 00 00 00 00 00 00 00 00 00
0x20001200: 00 00 00 00 00 00 00 00 00 00 00 00 00 00 00 00 00 00 00 00 00 00 00 00 00 00 00 00 00 00 00 00
0x20001220: 00 00 00 00 00 00 00 00 00 00 00 00 00 00 00 00 00 00 00 00 00 00 00 00 00 00 00 00 00 00 00 00
0x20001240: 00 00 00 00 00 00 00 00 00 00 00 00 00 00 00 00 00 00 00 00 00 00 00 00 00 00 00 00 00 00 00 00
0x20001260: 00 00 00 00 00 00 00 00 00 00 00 00 00 00 00 00 00 00 00 00 00 00 00 00 00 00 00 00 00 00 00 00
0x20001280: 00 00 00 00 00 00 00 00 00 00 00 00 00 00 00 00 00 00 00 00 00 00 00 00 00 00 00 00 00 00 00 00
0x200012a0: 00 00 00 00 00 00 00 00 00 00 00 00 00 00 00 00 00 00 00 00 00 00 00 00 00 00 00 00 00 00 00 00
0x200012c0: 00 00 00 00 00 00 00 00 00 00 00 00 00 00 00 00 00 00 00 00 00 00 00 00 00 00 00 00 00 00 00 00
0x200012e0: 00 00 00 00 00 00 00 00 00 00 00 00 00 00 00 00 00 00 00 00 00 00 00 00 00 00 00 00 00 00 00 00
0x20001300: 00 00 00 00 00 00 00 00 00 00 00 00 00 00 00 00 00 00 00 00 00 00 00 00 00 00 00 00 00 00 00 00
0x20001320: 00 00 00 00 00 00 00 00 00 00 00 00 00 00 00 00 00 00 00 00 00 00 00 00 00 00 00 00 00 00 00 00
0x20001340: 00 00 00 00 00 00 00 00 00 00 00 00 00 00 00 00 00 00 00 00 00 00 00 00 00 00 00 00 00 00 00 00
0x20001360: 00 00 00 00 00 00 00 00 00 00 00 00 00 00 00 00 00 00 00 00 00 00 00 00 00 00 00 00 00 00 00 00
0x20001380: 00 00 00 00 00 00 00 00 00 00 00 00 00 00 00 00 00 00 00 00 00 00 00 00 00 00 00 00 00 00 00 00
0x200013a0: 00 00 00 00 00 00 00 00 00 00 00 00 00 00 00 00 00 00 00 00 00 00 00 00 00 00 00 00 00 00 00 00
0x200013c0: 00 00 00 00 00 00 00 00 00 00 00 00 00 00 00 00 00 00 00 00 00 00 00 00 00 00 00 00 00 00 00 00
0x200013e0: 00 00 00 00 00 00 00 00 00 00 00 00 00 00 00 00 00 00 00 00 00 00 00 00 00 00 00 00 00 00 00 00
0x20001400: 00 00 00 00 00 00 00 00 00 00 00 00 00 00 00 00 00 00 00 00 00 00 00 00 00 00 00 00 00 00 00 00
0x20001420: 00 00 00 00 00 00 00 00 00 00 00 00 00 00 00 00 00 00 00 00 00 00 00 00 00 00 00 00 00 00 00 00
0x20001440: 00 00 00 00 00 00 00 00 00 00 00 00 00 00 00 00 00 00 00 00 00 00 00 00 00 00 00 00 00 00 00 00
0x20001460: 00 00 00 00 00 00 00 00 00 00 00 00 00 00 00 00 00 00 00 00 00 00 00 00 00 00 00 00 00 00 00 00
0x20001480: 00 00 00 00 00 00 00 00 00 00 00 00 00 00 00 00 00 00 00 00 00 00 00 00 00 00 00 00 00 00 00 00
0x200014a0: 00 00 00 00 00 00 00 00 00 00 00 00 00 00 00 00 00 00 00 00 00 00 00 00 00 00 00 00 00 00 00 00
0x200014c0: 00 00 00 00 00 00 00 00 00 00 00 00 00 00 00 00 00 00 00 00 00 00 00 00 00 00 00 00 00 00 00 00
0x200014e0: 00 00 00 00 00 00 00 00 00 00 00 00 00 00 00 00 00 00 00 00 00 00 00 00 00 00 00 00 00 00 00 00
0x20001500: 00 00 00 00 00 00 00 00 00 00 00 00 00 00 00 00 00 00 00 00 00 00 00 00 00 00 00 00 00 00 00 00
0x20001520: 00 00 00 00 00 00 00 00 00 00 00 00 00 00 00 00 00 00 00 00 00 00 00 00 00 00 00 00 00 00 00 00
0x20001540: 00 00 00 00 00 00 00 00 00 00 00 00 00 00 00 00 00 00 00 00 00 00 00 00 00 00 00 00 00 00 00 00
0x20001560: 00 00 00 00 00 00 00 00 00 00 00 00 00 00 00 00 00 00 00 00 00 00 00 00 00 00 00 00 00 00 00 00
0x20001580: 00 00 00 00 00 00 00 00 00 00 00 00 00 00 00 00 00 00 00 00 00 00 00 00 00 00 00 00 00 00 00 00
0x200015a0: 00 00 00 00 00 00 00 00 00 00 00 00 00 00 00 00 00 00 00 00 00 00 00 00 00 00 00 00 00 00 00 00
0x200015c0: 00 00 00 00 00 00 00 00 00 00 00 00 00 00 00 00 00 00 00 00 00 00 00 00 00 00 00 00 00 00 00 00
0x200015e0: 00 00 00 00 00 00 00 00 00 00 00 00 00 00 00 00 00 00 00 00 00 00 00 00 00 00 00 00 00 00 00 00
0x20001600: 00 00 00 00 00 00 00 00 00 00 00 00 00 00 00 00 00 00 00 00 00 00 00 00 00 00 00 00 00 00 00 00
0x20001620: 00 00 00 00 00 00 00 00 00 00 00 00 00 00 00 00 00 00 00 00 00 00 00 00 00 00 00 00 00 00 00 00
0x20001640: 00 00 00 00 00 00 00 00 00 00 00 00 00 00 00 00 00 00 00 00 00 00 00 00 00 00 00 00 00 00 00 00
0x20001660: 00 00 00 00 00 00 00 00 00 00 60 46 42 00 00 3c 63 74 6c 20 74 64 3d 27 53 63 68 65 64 32 27 3e
0x20001680: 3c 2f 63 74 6c 3e 00 19 0a 00 00 00 00 00 00 00 00 00 00 00 00 00 00 00 00 00 00 00 00 00 00 00
0x200016a0: 00 00 00 00 00 00 00 00 00 00 00 00 00 00 00 00 00 00 00 00 00 00 00 00 00 00 00 00 00 00 00 00
0x200016c0: 00 00 00 00 00 00 00 00 00 00 00 00 00 00 00 00 00 00 00 00 00 00 00 00 00 00 00 00 00 00 00 00
0x200016e0: 00 00 00 00 00 00 00 00 00 00 00 00 00 00 00 00 00 00 00 00 00 00 00 00 00 00 00 00 00 00 00 00
0x20001700: 00 00 00 00 00 00 00 00 00 00 00 00 00 00 00 00 00 00 00 00 00 00 00 00 00 00 00 00 00 00 00 00
0x20001720: 00 00 00 00 00 00 00 00 00 00 00 00 00 00 00 00 00 00 00 00 00 00 00 00 00 00 00 00 00 00 00 00
0x20001740: 00 00 00 00 00 00 00 00 00 00 00 00 00 00 00 00 00 00 00 00 00 00 00 00 00 00 00 00 00 00 00 00
0x20001760: 00 00 00 00 00 00 00 00 00 00 00 00 00 00 00 00 00 00 00 00 00 00 00 00 00 00 00 00 00 00 00 00
0x20001780: 00 00 00 00 00 00 00 00 00 00 00 00 00 00 00 00 00 00 00 00 00 00 00 00 00 00 00 00 00 00 00 00
0x200017a0: 00 00 00 00 00 00 00 00 00 00 00 00 00 00 00 00 00 00 00 00 00 00 00 00 00 00 00 00 00 00 00 00
0x200017c0: 00 00 00 00 00 00 00 00 00 00 00 00 00 00 00 00 00 00 00 00 00 00 00 00 00 00 00 00 00 00 00 00
0x200017e0: 00 00 00 00 00 00 00 00 00 00 00 00 00 00 00 00 00 00 00 00 00 00 00 00 00 00 00 00 00 00 00 00
0x20001800: 00 00 00 00 00 00 00 00 00 00 00 00 00 00 00 00 00 00 00 00 00 00 00 00 00 00 00 00 00 00 00 00
0x20001820: 00 00 00 00 00 00 00 00 00 00 00 00 00 00 00 00 00 00 00 00 00 00 00 00 00 00 00 00 00 00 00 00
0x20001840: 00 00 00 00 00 00 00 00 00 00 00 00 00 00 00 00 00 00 00 00 00 00 00 00 00 00 00 00 00 00 00 00
0x20001860: 00 00 00 00 00 00 00 00 00 00 00 00 00 00 00 00 00 00 00 00 00 00 00 00 00 00 00 00 00 00 00 00
0x20001880: 00 00 00 00 00 00 00 00 00 00 00 00 00 00 00 00 00 00 00 00 00 00 00 00 00 00 00 00 00 00 00 00
0x200018a0: 00 00 00 00 00 00 00 00 00 00 00 00 00 00 00 00 00 00 00 00 00 00 00 00 00 00 00 00 00 00 00 00
0x200018c0: 00 00 00 00 00 00 00 00 00 00 00 00 00 00 00 00 00 00 00 00 00 00 00 00 00 00 00 00 00 00 00 00
0x200018e0: 00 00 00 00 00 00 00 00 00 00 00 00 00 00 00 00 00 00 00 00 1f 00 01 00 00 00 00 00 00 00 00 00
0x20001900: 00 00 00 00 00 00 00 00 00 00 00 00 00 00 00 00 00 00 00 00 00 00 00 00 00 00 00 00 00 00 00 00
0x20001920: 00 00 00 00 00 00 00 00 00 00 00 00 00 00 00 00 00 00 00 00 00 00 00 00 00 00 00 00 00 00 00 00
0x20001940: 00 00 00 00 00 00 00 00 00 00 00 00 00 00 00 00 00 00 00 00 00 00 00 00 00 00 00 00 00 00 00 00
0x20001960: 00 00 00 00 00 00 00 00 00 00 00 00 00 00 00 00 00 00 00 00 00 00 00 00 00 00 00 00 00 00 00 00
0x20001980: 00 00 00 00 00 00 00 00 00 00 00 00 00 00 00 00 00 00 00 00 00 00 00 00 00 00 00 00 00 00 00 00
0x200019a0: 00 00 00 00 00 00 00 00 00 00 00 00 00 00 00 00 00 00 00 00 00 00 00 00 00 00 00 00 00 00 00 00
0x200019c0: 00 00 00 00 00 00 00 00 00 00 00 00 00 00 00 00 00 00 00 00 00 00 00 00 00 00 00 00 00 00 00 00
0x200019e0: 00 00 00 00 00 00 00 00 00 00 00 00 00 00 00 00 00 00 00 00 00 00 00 00 00 00 00 00 00 00 00 00
0x20001a00: 00 00 00 00 00 00 00 00 00 00 00 00 00 00 00 00 00 00 00 00 00 00 00 00 00 00 00 00 00 00 00 00
0x20001a20: 00 00 00 00 00 00 00 00 00 00 00 00 00 00 00 00 00 00 00 00 00 00 00 00 00 00 00 00 00 00 00 00
0x20001a40: 00 00 00 00 00 00 00 00 00 00 00 00 00 00 00 00 00 00 00 00 00 00 00 00 00 00 00 00 00 00 00 00
0x20001a60: 00 00 00 00 00 00 00 00 00 00 00 00 00 00 00 00 00 00 00 00 00 00 00 00 00 00 00 00 00 00 00 00
0x20001a80: 00 00 00 00 00 00 00 00 00 00 00 00 00 00 00 00 00 00 00 00 00 00 00 00 00 00 00 00 00 00 00 00
0x20001aa0: 00 00 00 00 00 00 00 00 00 00 00 00 00 00 00 00 00 00 00 00 00 00 00 00 00 00 00 00 00 00 00 00
0x20001ac0: 00 00 00 00 00 00 00 00 00 00 00 00 00 00 00 00 00 00 00 00 00 00 00 00 00 00 00 00 00 00 00 00
0x20001ae0: 00 00 00 00 00 00 00 00 00 00 00 00 00 00 00 00 00 00 00 00 00 00 00 00 00 00 00 00 00 00 00 00
0x20001b00: 00 00 00 00 00 00 00 00 00 00 00 00 00 00 00 00 00 00 00 00 00 00 00 00 00 00 00 00 00 00 00 00
0x20001b20: 00 00 00 00 00 00 00 00 00 00 00 00 00 00 00 00 00 00 00 00 00 00 00 00 00 00 00 00 00 00 00 00
0x20001b40: 00 00 00 00 00 00 00 00 00 00 00 00 00 00 00 00 00 00 00 00 00 00 00 00 00 00 00 00 00 00 00 00
0x20001b60: 00 00 00 00 00 00 00 00 00 00 00 00 00 00 00 00 00 00 00 00 00 00 00 00 00 00 00 00 00 00 00 00
0x20001b80: 00 00 00 00 01 00 00 00 00 00 00 00 00 00 00 00 00 00 00 00 00 00 00 00 00 00 00 00 00 00 00 00
0x20001ba0: 00 00 00 00 00 00 00 00 00 00 00 00 00 00 00 00 00 00 00 00 00 00 00 00 00 00 00 00 00 00 00 00
0x20001bc0: 00 00 00 00 00 00 00 00 00 00 00 00 00 00 00 00 00 00 00 00 00 00 00 00 00 00 00 00 00 00 00 00
0x20001be0: 00 00 00 00 00 00 00 00 00 00 00 00 00 00 00 00 00 00 00 00 00 00 00 00 00 00 00 00 00 00 00 00
0x20001c00: 00 00 00 00 00 00 00 00 00 00 00 00 00 00 00 00 00 00 00 00 00 00 00 00 00 00 00 00 00 00 00 00
0x20001c20: 00 00 00 00 00 00 00 00 00 00 00 00 00 00 00 00 00 00 00 00 00 00 00 00 00 00 00 00 00 00 00 00
0x20001c40: 00 00 00 00 00 00 00 00 00 00 00 00 00 00 00 00 00 00 00 00 00 00 00 00 00 00 00 00 00 00 00 00
0x20001c60: 00 00 00 00 00 00 00 00 00 00 00 00 00 00 00 00 00 00 00 00 00 00 00 00 00 00 00 00 00 00 00 00
0x20001c80: 00 00 00 00 00 00 00 00 00 00 00 00 00 00 00 00 00 00 00 00 00 00 00 00 00 00 00 00 00 00 00 00
0x20001ca0: 00 00 00 00 00 00 00 00 00 00 00 00 00 00 00 00 00 00 00 00 00 00 00 00 00 00 00 00 00 00 00 00
0x20001cc0: 00 00 00 00 00 00 00 00 00 00 00 00 00 00 00 00 00 00 00 00 00 00 00 00 00 00 00 00 00 00 00 00
0x20001ce0: 00 00 00 00 00 00 00 00 00 00 00 00 00 00 00 00 00 00 00 00 00 00 00 00 00 00 00 00 00 00 00 00
0x20001d00: 00 00 00 00 00 00 00 00 00 00 00 00 00 00 00 00 00 00 00 00 00 00 00 00 00 00 00 00 00 00 00 00
0x20001d20: 00 00 00 00 00 00 00 00 00 00 00 00 00 00 00 00 00 00 00 00 00 00 00 00 00 00 00 00 00 00 00 00
0x20001d40: 00 00 00 00 00 00 00 00 00 00 00 00 00 00 00 00 00 00 00 00 00 00 00 00 00 00 00 00 00 00 00 00
0x20001d60: 00 00 00 00 00 00 00 00 00 00 00 00 00 00 00 00 00 00 00 00 00 00 00 00 00 00 00 00 00 00 00 00
0x20001d80: 00 00 00 00 00 00 00 00 00 00 00 00 00 00 00 00 00 00 00 00 00 00 00 00 00 00 00 00 00 00 00 00
0x20001da0: 00 00 00 00 00 00 00 00 00 00 00 00 00 00 00 00 00 00 00 00 00 00 00 00 00 00 00 00 00 00 00 00
0x20001dc0: 00 00 00 00 00 00 00 00 00 00 00 00 00 00 00 00 00 00 00 00 00 00 00 00 00 00 00 00 00 00 00 00
0x20001de0: 00 00 00 00 00 00 00 00 00 00 00 00 00 00 00 00 00 00 00 00 00 00 00 00 00 00 00 00 00 00 00 00
0x20001e00: 00 00 00 00 00 00 00 00 00 00 00 00 00 00 00 00 00 00 01 00 00 00 00 00 00 00 00 00 00 00 00 00
0x20001e20: 00 00 00 00 00 00 00 00 00 00 00 00 00 00 00 00 00 00 00 00 00 00 00 00 00 00 00 00 00 00 00 00
0x20001e40: 00 00 00 00 00 00 00 00 00 00 00 00 00 00 00 00 00 00 00 00 00 00 00 00 00 00 00 00 00 00 00 00
0x20001e60: 00 00 00 00 00 00 00 00 00 00 00 00 00 00 00 00 00 00 00 00 00 00 00 00 00 00 00 00 00 00 00 00
0x20001e80: 00 00 00 00 00 00 00 00 00 00 00 00 00 00 00 00 00 00 00 00 00 00 00 00 00 00 00 00 00 00 00 00
0x20001ea0: 00 00 00 00 00 00 00 00 00 00 00 00 00 00 00 00 00 00 00 00 00 00 00 00 00 00 00 00 00 00 00 00
0x20001ec0: 00 00 00 00 00 00 00 00 00 00 00 00 00 00 00 00 00 00 00 00 00 00 00 00 00 00 00 00 00 00 00 00
0x20001ee0: 00 00 00 00 00 00 00 00 00 00 00 00 00 00 00 00 00 00 00 00 00 00 00 00 00 00 00 00 00 00 00 00
0x20001f00: 00 00 00 00 00 00 00 00 00 00 00 00 00 00 00 00 00 00 00 00 00 00 00 00 00 00 00 00 00 00 00 00
0x20001f20: 00 00 00 00 00 00 00 00 00 00 00 00 00 00 00 00 00 00 00 00 00 00 00 00 00 00 00 00 00 00 00 00
0x20001f40: 00 00 00 00 00 00 00 00 00 00 00 00 00 00 00 00 00 00 00 00 00 00 00 00 00 00 00 00 00 00 00 00
0x20001f60: 00 00 00 00 00 00 00 00 00 00 00 00 00 00 00 00 00 00 00 00 00 00 00 00 00 00 00 00 00 00 00 00
0x20001f80: 00 00 00 00 00 00 00 00 00 00 00 00 00 00 00 00 00 00 00 00 00 00 00 00 00 00 00 00 00 00 00 00
0x20001fa0: 00 00 00 00 00 00 00 00 00 00 00 00 00 00 00 00 00 00 00 00 00 00 00 00 00 00 00 00 00 00 00 00
0x20001fc0: 00 00 00 00 00 00 00 00 00 00 00 00 00 00 00 00 00 00 00 00 00 00 00 00 00 00 00 00 00 00 00 00
0x20001fe0: 00 00 00 00 00 00 00 00 00 00 00 00 00 00 00 00 00 00 00 00 00 00 00 00 00 00 00 00 00 00 00 00
0x20002000: 00 00 00 00 00 00 00 00 00 00 00 00 00 00 00 00 00 00 00 00 00 00 00 00 00 00 00 00 00 00 00 00
0x20002020: 00 00 00 00 00 00 00 00 00 00 00 00 00 00 00 00 00 00 00 00 00 00 00 00 00 00 00 00 00 00 00 00
0x20002040: 00 00 00 00 00 00 00 00 00 00 00 00 00 00 00 00 00 00 00 00 00 00 00 00 00 00 00 00 00 00 00 00
0x20002060: 00 00 00 00 00 00 00 00 00 00 00 00 00 00 00 00 00 00 00 00 00 00 00 00 00 00 00 00 00 00 00 00
0x20002080: 00 00 00 00 00 00 00 00 00 00 00 00 00 00 00 00 00 00 00 00 00 00 00 00 00 00 00 00 00 00 00 00
0x200020a0: 00 00 00 00 00 00 00 00 00 00 00 00 00 00 00 00 00 00 00 00 00 00 00 00 00 00 00 00 00 00 00 00
0x200020c0: 00 00 00 00 00 00 00 00 00 00 00 00 00 00 00 00 00 00 00 00 00 00 00 00 39 01 00 00 00 00 00 00
0x200020e0: 00 00 00 00 00 00 00 00 00 00 00 00 00 00 07 07 00 00 00 45 30 30 30 30 37 34 34 33 31 38 36 30
0x20002100: 35 31 37 33 37 35 34 00 00 00 00 00 00 02 00 00 00 00 00 00 00 00 00 00 00 00 00 00 00 00 00 00
0x20002120: 00 00 00 00 00 00 00 00 00 00 00 00 00 00 00 00 00 00 00 00 00 00 00 00 00 00 00 00 00 00 00 00
0x20002140: 00 00 00 00 00 00 00 00 00 00 00 00 00 00 00 00 00 00 00 00 00 00 00 00 00 00 00 00 00 00 00 00
0x20002160: 00 00 00 00 00 00 00 00 00 00 00 00 00 00 00 00 00 00 00 00 00 00 00 00 00 00 00 00 00 00 00 00
0x20002180: 00 00 00 00 00 00 00 00 00 00 00 00 00 00 00 00 00 00 00 00 00 00 00 00 00 00 00 00 00 00 00 00
0x200021a0: 00 00 00 00 00 00 00 00 00 00 00 00 00 00 00 00 00 00 00 00 00 00 00 00 00 00 00 00 00 00 00 00
0x200021c0: 00 00 00 00 00 00 00 00 00 00 00 00 00 00 00 00 00 00 00 00 00 00 00 00 00 00 00 00 00 00 00 00
0x200021e0: 00 00 00 00 00 00 00 00 00 00 00 00 00 00 00 00 00 00 00 00 00 00 00 00 00 00 00 00 00 00 00 00
0x20002200: 00 00 00 00 00 00 00 00 00 00 00 00 00 00 00 00 00 00 00 00 00 00 00 00 00 00 00 00 00 00 00 00
0x20002220: 00 00 00 00 00 00 00 00 00 00 00 00 00 00 00 00 00 00 00 00 00 00 00 00 00 00 00 00 00 00 00 00
0x20002240: 00 00 00 00 00 00 00 00 00 00 00 00 00 00 00 00 00 00 00 00 00 00 00 00 00 00 00 00 00 00 00 00
0x20002260: 00 00 00 00 00 00 00 00 00 00 00 00 00 00 00 00 00 00 00 00 00 00 00 00 00 00 00 00 00 00 00 00
0x20002280: 00 00 00 00 00 00 00 00 00 00 00 00 00 00 00 00 00 00 00 00 00 00 00 00 00 00 00 00 00 00 00 00
0x200022a0: 00 00 00 00 00 00 00 00 00 00 00 00 00 00 00 00 00 00 00 00 00 00 00 00 00 00 00 00 00 00 00 00
0x200022c0: 00 00 00 00 00 00 00 00 00 00 00 00 00 00 00 00 00 00 00 00 00 00 00 00 00 00 00 00 00 00 00 00
0x200022e0: 00 00 00 00 00 00 00 00 00 00 00 00 00 00 00 00 00 00 00 00 00 00 00 00 00 00 00 00 00 00 00 00
0x20002300: 00 00 00 00 00 00 00 00 00 00 00 00 00 00 00 00 00 00 00 00 71 89 01 08 28 23 00 00 00 00 00 00
0x20002320: 00 00 00 00 28 23 00 00 64 00 00 00 64 00 00 00 00 01 00 00 25 87 01 08 50 46 00 00 00 00 00 00
0x20002340: 00 00 00 00 50 46 00 00 64 00 00 00 64 00 00 00 00 01 00 00 d5 43 00 08 28 23 00 00 00 00 00 00
0x20002360: 00 00 00 00 28 23 00 00 64 00 00 00 64 00 00 00 00 01 00 00 00 00 00 00 00 00 00 00 30 00 00 00
0x20002380: 00 00 00 00 00 00 00 00 00 00 00 00 00 00 00 00 00 00 00 00 00 00 00 02 00 00 00 00 00 00 00 00
0x200023a0: 00 00 00 00 00 00 00 00 80 23 00 20 30 00 00 00 00 00 00 00 00 00 00 00 00 00 00 00 00 00 00 00
0x200023c0: 00 00 00 00 00 00 00 00 00 00 00 00 00 00 00 00 00 00 00 00 00 00 00 00 00 00 00 00 98 03 00 00
0x200023e0: 00 00 00 00 00 00 00 00 00 00 00 00 00 00 00 00 00 00 00 00 00 00 00 00 00 00 00 00 00 00 00 00
0x20002400: 00 00 00 00 00 00 00 00 00 00 00 00 00 00 00 00 00 00 00 00 00 00 00 00 00 00 00 00 00 00 00 00
0x20002420: 00 00 00 00 00 00 00 00 00 00 00 00 00 00 00 00 00 00 00 00 00 00 00 00 00 00 00 00 00 00 00 00
0x20002440: 00 00 00 00 00 00 00 00 00 00 00 00 00 00 00 00 00 00 00 00 00 00 00 00 00 00 00 00 00 00 00 00
0x20002460: 00 00 00 00 00 00 00 00 00 00 00 00 00 00 00 00 00 00 00 00 00 00 00 00 00 00 00 00 00 00 00 00
0x20002480: 00 00 00 00 00 00 00 00 00 00 00 00 00 00 00 00 00 00 00 00 00 00 00 00 00 00 00 00 00 00 00 00
0x200024a0: 00 00 00 00 00 00 00 00 00 00 00 00 00 00 00 00 00 00 00 00 00 00 00 00 00 00 00 00 00 00 00 00
0x200024c0: 00 00 00 00 00 00 00 00 00 00 00 00 00 00 00 00 00 00 00 00 00 00 00 00 00 00 00 00 00 00 00 00
0x200024e0: 00 00 00 00 00 00 00 00 00 00 00 00 00 00 00 00 00 00 00 00 00 00 00 00 00 00 00 00 00 00 00 00
0x20002500: 00 00 00 00 00 00 00 00 00 00 00 00 00 00 00 00 00 00 00 00 00 00 00 00 00 00 00 00 00 00 00 00
0x20002520: 00 00 00 00 00 00 00 00 00 00 00 00 00 00 00 00 00 00 00 00 00 00 00 00 00 00 00 00 00 00 00 00
0x20002540: 00 00 00 00 00 00 00 00 00 00 00 00 00 00 00 00 00 00 00 00 00 00 00 00 00 00 00 00 00 00 00 00
0x20002560: 00 00 00 00 00 00 00 00 00 00 00 00 00 00 00 00 00 00 00 00 00 00 00 00 00 00 00 00 00 00 00 00
0x20002580: 00 00 00 00 00 00 00 00 00 00 00 00 00 00 00 00 00 00 00 00 00 00 00 00 00 00 00 00 00 00 00 00
0x200025a0: 00 00 00 00 00 00 00 00 00 00 00 00 00 00 00 00 00 00 00 00 00 00 00 00 00 00 00 00 00 00 00 00
0x200025c0: 00 00 00 00 00 00 00 00 00 00 00 00 00 00 00 00 00 00 00 00 00 00 00 00 00 00 00 00 00 00 00 00
0x200025e0: 00 00 00 00 00 00 00 00 00 00 00 00 00 00 00 00 00 00 00 00 00 00 00 00 00 00 00 00 00 00 00 00
0x20002600: 00 00 00 00 00 00 00 00 00 00 00 00 00 00 00 00 00 00 00 00 00 00 00 00 00 00 00 00 00 00 00 00
0x20002620: 00 00 00 00 00 00 00 00 00 00 00 00 00 00 00 00 00 00 00 00 00 00 00 00 00 00 00 00 00 00 00 00
0x20002640: 00 00 00 00 00 00 00 00 00 00 00 00 00 00 00 00 00 00 00 00 00 00 00 00 00 00 00 00 00 00 00 00
0x20002660: 00 00 00 00 00 00 00 00 00 00 00 00 00 00 00 00 00 00 00 00 00 00 00 00 00 00 00 00 00 00 00 00
0x20002680: 00 00 00 00 00 00 00 00 00 00 00 00 00 00 00 00 00 00 00 00 00 00 00 00 00 00 00 00 00 00 00 00
0x200026a0: 00 00 00 00 00 00 00 00 00 00 00 00 00 00 00 00 00 00 00 00 00 00 00 00 00 00 00 00 00 00 00 00
0x200026c0: 00 00 00 00 00 00 00 00 00 00 00 00 00 00 00 00 00 00 00 00 00 00 00 00 00 00 00 00 00 00 00 00
0x200026e0: 00 00 00 00 00 00 00 00 00 00 00 00 00 00 00 00 00 00 00 00 00 00 00 00 00 00 00 00 00 00 00 00
0x20002700: 00 00 00 00 00 00 00 00 00 00 00 00 00 00 00 00 00 00 00 00 00 00 00 00 00 00 00 00 00 00 00 00
0x20002720: 00 00 00 00 00 00 00 00 00 00 00 00 00 00 00 00 00 00 00 00 00 00 00 00 00 00 00 00 00 00 00 00
0x20002740: 00 00 00 00 00 00 00 00 00 00 00 00 00 00 00 00 00 00 00 00 00 00 00 00 00 00 00 00 00 00 00 00
0x20002760: 00 00 00 00 00 00 00 00 00 00 00 00 00 00 00 00 00 00 00 00 00 00 00 00 00 00 00 00 00 00 00 00
0x20002780: 00 00 00 00 00 00 00 00 00 00 00 00 00 00 00 00 00 00 00 00 00 00 00 00 00 00 00 00 00 00 00 00
0x200027a0: 00 00 00 00 00 00 00 00 00 00 00 00 00 00 00 00 00 00 00 00 00 00 00 00 00 00 00 00 00 00 00 00
0x200027c0: 00 00 00 00 00 00 00 00 00 00 00 00 00 00 00 00 00 00 00 00 00 00 00 00 00 00 00 00 00 00 00 00
0x200027e0: 00 00 00 00 00 00 00 00 00 00 00 00 00 00 00 00 00 00 00 00 00 00 00 00 00 00 00 00 00 00 00 00
0x20002800: 00 00 00 00 00 00 00 00 00 00 00 00 00 00 00 00 00 00 00 00 00 00 00 00 00 00 00 00 00 00 00 00
0x20002820: 00 00 00 00 00 00 00 00 00 00 00 00 00 00 00 00 00 00 00 00 00 00 00 00 00 00 00 00 00 00 00 00
0x20002840: 00 00 00 00 00 00 00 00 00 00 00 00 00 00 00 00 00 00 00 00 00 00 00 00 00 00 00 00 00 00 00 00
0x20002860: 00 00 00 00 00 00 00 00 00 00 00 00 00 00 00 00 00 00 00 00 00 00 00 00 00 00 00 00 00 00 00 00
0x20002880: 00 00 00 00 00 00 00 00 00 00 00 00 00 00 00 00 00 00 00 00 00 00 00 00 00 00 00 00 00 00 00 00
0x200028a0: 00 00 00 00 00 00 00 00 00 00 00 00 00 00 00 00 00 00 00 00 00 00 00 00 00 00 00 00 00 00 00 00
0x200028c0: 00 00 00 00 00 00 00 00 00 00 00 00 00 00 00 00 00 00 00 00 00 00 00 00 00 00 00 00 00 00 00 00
0x200028e0: 00 00 00 00 00 00 00 00 00 00 00 00 00 00 00 00 00 00 00 00 00 00 00 00 00 00 00 00 00 00 00 00
0x20002900: 00 00 00 00 00 00 00 00 00 00 00 00 00 00 00 00 00 00 00 00 00 00 00 00 00 00 00 00 00 00 00 00
0x20002920: 00 00 00 00 00 00 00 00 00 00 00 00 00 00 00 00 00 00 00 00 00 00 00 00 00 00 00 00 00 00 00 00
0x20002940: 00 00 00 00 00 00 00 00 00 00 00 00 00 00 00 00 00 00 00 00 00 00 00 00 00 00 00 00 00 00 00 00
0x20002960: 00 00 00 00 00 00 00 00 00 00 00 00 00 00 00 00 00 00 00 00 00 00 00 00 00 00 00 00 00 00 00 00
0x20002980: 00 00 00 00 00 00 00 00 00 00 00 00 00 00 00 00 00 00 00 00 00 00 00 00 00 00 00 00 00 00 00 00
0x200029a0: 00 00 00 00 00 00 00 00 00 00 00 00 00 00 00 00 00 00 00 00 00 00 00 00 00 00 00 00 00 00 00 00
0x200029c0: 00 00 00 00 00 00 00 00 00 00 00 00 00 00 00 00 00 00 00 00 00 00 00 00 00 00 00 00 00 00 00 00
0x200029e0: 00 00 00 00 00 00 00 00 00 00 00 00 00 00 00 00 00 00 00 00 00 00 00 00 00 00 00 00 00 00 00 00
0x20002a00: 00 00 00 00 00 00 00 00 00 00 00 00 00 00 00 00 00 00 00 00 00 00 00 00 00 00 00 00 00 00 00 00
0x20002a20: 00 00 00 00 00 00 00 00 00 00 00 00 00 00 00 00 00 00 00 00 00 00 00 00 00 00 00 00 00 00 00 00
0x20002a40: 00 00 00 00 00 00 00 00 00 00 00 00 00 00 00 00 00 00 00 00 00 00 00 00 00 00 00 00 00 00 00 00
0x20002a60: 00 00 00 00 00 00 00 00 00 00 00 00 00 00 00 00 00 00 00 00 00 00 00 00 00 00 00 00 00 00 00 00
0x20002a80: 00 00 00 00 00 00 00 00 00 00 00 00 00 00 00 00 00 00 00 00 00 00 00 00 00 00 00 00 00 00 00 00
0x20002aa0: 00 00 00 00 00 00 00 00 00 00 00 00 00 00 00 00 00 00 00 00 00 00 00 00 00 00 00 00 00 00 00 00
0x20002ac0: 00 00 00 00 00 00 00 00 00 00 00 00 00 00 00 00 00 00 00 00 00 00 00 00 00 00 00 00 00 00 00 00
0x20002ae0: 00 00 00 00 00 00 00 00 00 00 00 00 00 00 00 00 00 00 00 00 00 00 00 00 00 00 00 00 00 00 00 00
0x20002b00: 00 00 00 00 00 00 00 00 00 00 00 00 00 00 00 00 00 00 00 00 00 00 00 00 00 00 00 00 00 00 00 00
0x20002b20: 00 00 00 00 00 00 00 00 00 00 00 00 00 00 00 00 00 00 00 00 00 00 00 00 00 00 00 00 00 00 00 00
0x20002b40: 00 00 00 00 00 00 00 00 00 00 00 00 00 00 00 00 00 00 00 00 00 00 00 00 00 00 00 00 00 00 00 00
0x20002b60: 00 00 00 00 00 00 00 00 00 00 00 00 00 00 00 00 00 00 00 00 00 00 00 00 00 00 00 00 00 00 00 00
0x20002b80: 00 00 00 00 00 00 00 00 00 00 00 00 00 00 00 00 00 00 00 00 00 00 00 00 00 00 00 00 00 00 00 00
0x20002ba0: 00 00 00 00 00 00 00 00 00 00 00 00 00 00 00 00 00 00 00 00 00 00 00 00 00 00 00 00 00 00 00 00
0x20002bc0: 00 00 00 00 00 00 00 00 00 00 00 00 00 00 00 00 00 00 00 00 00 00 00 00 00 00 00 00 00 00 00 00
0x20002be0: 00 00 00 00 00 00 00 00 00 00 00 00 00 00 00 00 00 00 00 00 00 00 00 00 00 00 00 00 00 00 00 00
0x20002c00: 00 00 00 00 00 00 00 00 00 00 00 00 00 00 00 00 00 00 00 00 00 00 00 00 00 00 00 00 00 00 00 00
0x20002c20: 00 00 00 00 00 00 00 00 00 00 00 00 00 00 00 00 00 00 00 00 00 00 00 00 00 00 00 00 00 00 00 00
0x20002c40: 00 00 00 00 00 00 00 00 00 00 00 00 00 00 00 00 00 00 00 00 00 00 00 00 00 00 00 00 00 00 00 00
0x20002c60: 00 00 00 00 00 00 00 00 00 00 00 00 00 00 00 00 00 00 00 00 00 00 00 00 00 00 00 00 00 00 00 00
0x20002c80: 00 00 00 00 00 00 00 00 00 00 00 00 00 00 00 00 00 00 00 00 00 00 00 00 00 00 00 00 00 00 00 00
0x20002ca0: 00 00 00 00 00 00 00 00 00 00 00 00 00 00 00 00 00 00 00 00 00 00 00 00 00 00 00 00 00 00 00 00
0x20002cc0: 00 00 00 00 00 00 00 00 00 00 00 00 00 00 00 00 00 00 00 00 00 00 00 00 00 00 00 00 00 00 00 00
0x20002ce0: 00 00 00 00 00 00 00 00 00 00 00 00 00 00 00 00 00 00 00 00 00 00 00 00 00 00 00 00 00 00 00 00
0x20002d00: 00 00 00 00 00 00 00 00 00 00 00 00 00 00 00 00 00 00 00 00 00 00 00 00 00 00 00 00 00 00 00 00
0x20002d20: 00 00 00 00 00 00 00 00 00 00 00 00 00 00 00 00 00 00 00 00 00 00 00 00 00 00 00 00 00 00 00 00
0x20002d40: 00 00 00 00 00 00 00 00 00 00 00 00 00 00 00 00 00 00 00 00 00 00 00 00 00 00 00 00 00 00 00 00
0x20002d60: 00 00 00 00 00 00 00 00 00 00 00 00 00 00 00 00 00 00 00 00 00 00 00 00 00 00 00 00 00 00 00 00
0x20002d80: 00 00 00 00 00 00 00 00 00 00 00 00 00 00 00 00 00 00 00 00 00 00 00 00 00 00 00 00 00 00 00 00
0x20002da0: 00 00 00 00 00 00 00 00 00 00 00 00 00 00 00 00 00 00 00 00 00 00 00 00 00 00 00 00 00 00 00 00
0x20002dc0: 00 00 00 00 00 00 00 00 00 00 00 00 00 00 00 00 00 00 00 00 00 00 00 00 00 00 00 00 00 00 00 00
0x20002de0: 00 00 00 00 00 00 00 00 00 00 00 00 00 00 00 00 00 00 00 00 00 00 00 00 00 00 00 00 00 00 00 00
0x20002e00: 00 00 00 00 00 00 00 00 00 00 00 00 00 00 00 00 00 00 00 00 00 00 00 00 00 00 00 00 00 00 00 00
0x20002e20: 00 00 00 00 00 00 00 00 00 00 00 00 00 00 00 00 00 00 00 00 00 00 00 00 00 00 00 00 00 00 00 00
0x20002e40: 00 00 00 00 00 00 00 00 00 00 00 00 00 00 00 00 00 00 00 00 00 00 00 00 00 00 00 00 00 00 00 00
0x20002e60: 00 00 00 00 00 00 00 00 00 00 00 00 00 00 00 00 00 00 00 00 00 00 00 00 00 00 00 00 00 00 00 00
0x20002e80: 00 00 00 00 00 00 00 00 00 00 00 00 00 00 00 00 00 00 00 00 00 00 00 00 00 00 00 00 00 00 00 00
0x20002ea0: 00 00 00 00 00 00 00 00 00 00 00 00 00 00 00 00 00 00 00 00 00 00 00 00 00 00 00 00 00 00 00 00
0x20002ec0: 00 00 00 00 00 00 00 00 00 00 00 00 00 00 00 00 00 00 00 00 00 00 00 00 00 00 00 00 00 00 00 00
0x20002ee0: 00 00 00 00 00 00 00 00 00 00 00 00 00 00 00 00 00 00 00 00 00 00 00 00 00 00 00 00 00 00 00 00
0x20002f00: 00 00 00 00 00 00 00 00 00 00 00 00 00 00 00 00 00 00 00 00 00 00 00 00 00 00 00 00 00 00 00 00
0x20002f20: 00 00 00 00 00 00 00 00 00 00 00 00 00 00 00 00 00 00 00 00 00 00 00 00 00 00 00 00 00 00 00 00
0x20002f40: 00 00 00 00 00 00 00 00 00 00 00 00 00 00 00 00 00 00 00 00 00 00 00 00 00 00 00 00 00 00 00 00
0x20002f60: 00 00 00 00 00 00 00 00 00 00 00 00 00 00 00 00 00 00 00 00 00 00 00 00 00 00 00 00 00 00 00 00
0x20002f80: 00 00 00 00 00 00 00 00 00 00 00 00 00 00 00 00 00 00 00 00 00 00 00 00 00 00 00 00 00 00 00 00
0x20002fa0: 00 00 00 00 00 00 00 00 00 00 00 00 00 00 00 00 00 00 00 00 00 00 00 00 00 00 00 00 00 00 00 00
0x20002fc0: 00 00 00 00 00 00 00 00 00 00 00 00 00 00 00 00 00 00 00 00 00 00 00 00 00 00 00 00 00 00 00 00
0x20002fe0: 00 00 00 00 00 00 00 00 00 00 00 00 00 00 00 00 00 00 00 00 00 00 00 00 00 00 00 00 00 00 00 00
0x20003000: 00 00 00 00 00 00 00 00 00 00 00 00 00 00 00 00 00 00 00 00 00 00 00 00 00 00 00 00 00 00 00 00
0x20003020: 00 00 00 00 00 00 00 00 00 00 00 00 00 00 00 00 00 00 00 00 00 00 00 00 00 00 00 00 00 00 00 00
0x20003040: 00 00 00 00 00 00 00 00 00 00 00 00 00 00 00 00 00 00 00 00 00 00 00 00 00 00 00 00 00 00 00 00
0x20003060: 00 00 00 00 00 00 00 00 00 00 00 00 00 00 00 00 00 00 00 00 00 00 00 00 00 00 00 00 00 00 00 00
0x20003080: 00 00 00 00 00 00 00 00 00 00 00 00 00 00 00 00 00 00 00 00 00 00 00 00 00 00 00 00 00 00 00 00
0x200030a0: 00 00 00 00 00 00 00 00 00 00 00 00 00 00 00 00 00 00 00 00 00 00 00 00 00 00 00 00 00 00 00 00
0x200030c0: 00 00 00 00 00 00 00 00 00 00 00 00 00 00 00 00 00 00 00 00 00 00 00 00 00 00 00 00 00 00 00 00
0x200030e0: 00 00 00 00 00 00 00 00 00 00 00 00 00 00 00 00 00 00 00 00 00 00 00 00 00 00 00 00 00 00 00 00
0x20003100: 00 00 00 00 00 00 00 00 00 00 00 00 00 00 00 00 00 00 00 00 00 00 00 00 00 00 00 00 00 00 00 00
0x20003120: 00 00 00 00 00 00 00 00 00 00 00 00 00 00 00 00 00 00 00 00 00 00 00 00 00 00 00 00 00 00 00 00
0x20003140: 00 00 00 00 00 00 00 00 30 09 00 20 a9 0b 00 08 7c 09 00 20 00 00 00 00 1a 00 00 00 91 78 00 08
0x20003160: 07 00 00 00 bf 01 01 08 07 00 00 00 f9 ff ff ff f0 00 00 00 6f 00 00 00 07 00 00 00 6f 01 00 00
0x20003180: ff ff ff ff 73 78 01 08 aa 82 01 08 00 00 00 81 a4 31 00 20 73 78 01 08 19 00 00 00 88 34 00 20
0x200031a0: ad 74 01 08 1f 00 00 00 1f 00 00 00 a1 34 00 20 ff 8e 01 08 e3 33 01 08 19 0a 00 00 60 46 42 00
0x200031c0: 00 3c 63 74 6c 20 74 64 3d 27 53 63 68 65 64 32 27 3e 3c 2f 63 74 6c 3e 00 19 0a 00 00 00 00 00
0x200031e0: 00 00 00 00 00 00 00 00 00 00 00 00 00 00 00 00 00 00 00 00 00 00 00 00 00 00 00 00 00 00 00 00
0x20003200: 00 00 00 00 00 00 00 00 00 00 00 00 00 00 00 00 00 00 00 00 00 00 00 00 00 00 00 00 00 00 00 00
0x20003220: 00 00 00 00 00 00 00 00 00 00 00 00 00 00 00 00 00 00 00 00 00 00 00 00 00 00 00 00 00 00 00 00
0x20003240: 00 00 00 00 00 00 00 00 00 00 00 00 00 00 00 00 00 00 00 00 00 00 00 00 00 00 00 00 00 00 00 00
0x20003260: 00 00 00 00 00 00 00 00 00 00 00 00 00 00 00 00 00 00 00 00 00 00 00 00 00 00 00 00 00 00 00 00
0x20003280: 00 00 00 00 00 00 00 00 00 00 00 00 00 00 00 00 00 00 00 00 00 00 00 00 00 00 00 00 00 00 00 00
0x200032a0: 00 00 00 00 00 00 00 00 00 00 00 00 00 00 00 00 00 00 00 00 00 00 00 00 00 00 00 00 00 00 00 00
0x200032c0: 00 00 00 00 00 00 00 00 00 00 00 00 00 00 00 00 00 00 00 00 00 00 00 00 00 00 00 00 00 00 00 00
0x200032e0: 00 00 00 00 00 00 00 00 00 00 00 00 00 00 00 00 00 00 00 00 00 00 00 00 00 00 00 00 00 00 00 00
0x20003300: 00 00 00 00 00 00 00 00 00 00 00 00 00 00 00 00 00 00 00 00 00 00 00 00 00 00 00 00 00 00 00 00
0x20003320: 00 00 00 00 00 00 00 00 00 00 00 00 00 00 00 00 00 00 00 00 00 00 00 00 00 00 00 00 00 00 00 00
0x20003340: 00 00 00 00 00 00 00 00 00 00 00 00 00 00 00 00 00 00 00 00 00 00 00 00 00 00 00 00 00 00 00 00
0x20003360: 00 00 00 00 00 00 00 00 00 00 00 00 00 00 00 00 00 00 00 00 00 00 00 00 00 00 00 00 00 00 00 00
0x20003380: 00 00 00 00 00 00 00 00 00 00 00 00 00 00 00 00 00 00 00 00 00 00 00 00 00 00 00 00 00 00 00 00
0x200033a0: 00 00 00 00 00 00 00 00 00 00 00 00 00 00 00 00 00 00 00 00 00 00 00 00 00 00 00 00 00 00 00 00
0x200033c0: 00 00 00 00 00 00 00 00 00 00 00 00 00 00 00 00 30 09 00 20 a9 0b 00 08 7c 09 00 20 01 00 00 00
0x200033e0: f4 a5 01 08 81 77 00 08 f4 a5 01 08 b1 34 00 08 f4 a5 01 08 f9 ff ff ff 01 00 00 00 03 00 00 00
0x20003400: 80 02 00 00 00 00 00 00 03 00 00 00 73 ba 00 08 8c 55 00 08 00 00 00 01 f4 a5 01 08 5f 56 01 08
0x20003420: 00 00 00 00 00 00 00 00 00 00 00 00 00 00 00 00 00 00 00 00 00 00 00 00 00 00 00 00 00 00 00 00
0x20003440: 00 00 00 00 00 00 00 00 fc 8e 01 08 00 00 00 00 00 00 00 00 00 00 00 00 01 00 00 00 88 34 00 20
0x20003460: 19 00 00 00 00 00 00 00 d3 8e 01 08 1a 00 00 00 19 00 00 00 06 00 00 00 00 00 00 00 5b a1 01 08
0x20003480: 44 a2 01 08 41 a2 01 08 00 00 3c 63 74 6c 20 74 64 3d 27 53 63 68 65 64 32 27 3e 3c 2f 63 74 6c
0x200034a0: 3e 00 00 00 00 00 00 00 00 00 00 00 00 00 00 00 00 00 00 00 00 00 00 00 00 00 00 00 00 00 00 00
0x200034c0: 00 00 00 00 00 00 00 00 00 00 00 00 00 00 00 00 00 00 00 00 00 00 00 00 00 00 00 00 00 a2 00 00
0x200034e0: 00 00 00 00 bf 7a 00 08 00 e8 01 08 00 a2 00 00 01 00 00 00 00 00 00 00 00 00 00 00 00 a2 00 00
0x20003500: 01 00 00 00 00 e8 01 08 00 a2 00 00 00 00 00 00 00 00 00 00 00 00 00 00 5c 35 00 20 00 e8 01 08
0x20003520: 00 a2 00 00 1b 55 00 08 01 00 00 00 00 e8 01 08 00 00 00 00 5c 35 00 20 f4 a5 01 08 bf 01 01 08
0x20003540: f4 a5 01 08 f9 ff ff ff 00 00 00 00 03 00 00 00 80 02 00 00 00 00 00 00 03 00 00 00 77 85 01 08
0x20003560: f8 45 01 08 00 00 00 61 ff ff ff ff ff ff ff ff ff ff ff ff ff ff ff ff ff ff ff ff ff ff ff ff
0x20003580: ff ff ff ff ff ff ff ff ff ff ff ff ff ff ff ff ff ff ff ff ff ff ff ff ff ff ff ff ff ff ff ff
0x200035a0: ff ff ff ff ff ff ff ff ff ff ff ff ff ff ff ff ff ff ff ff ff ff ff ff ff ff ff ff ff ff ff ff
0x200035c0: ff ff ff ff ff ff ff ff ff ff ff ff ff ff ff ff ff ff ff ff ff ff ff ff ff ff ff ff ff ff ff ff
0x200035e0: ff ff ff ff ff ff ff ff f4 a5 01 08 bf 01 01 08 f4 a5 01 08 f9 ff ff ff 00 00 00 00 03 00 00 00
0x20003600: 80 02 00 00 00 00 00 00 03 00 00 00 1d 56 01 08 4c 47 01 08 00 02 00 61 ff ff ff ff ff ff ff ff
0x20003620: ff ff ff ff ff ff ff ff ff ff ff ff 00 00 00 00 00 00 00 00 00 00 00 00 00 00 00 00 00 00 00 00
0x20003640: 00 00 00 00 00 00 00 00 00 00 00 00 00 00 00 00 00 00 00 00 00 00 00 00 00 00 00 00 00 00 00 00
0x20003660: 00 00 00 00 00 00 00 00 e8 07 00 20 bf 01 01 08 e8 07 00 20 f9 ff ff ff 00 48 00 40 40 00 00 00
0x20003680: 00 00 00 00 0a 00 00 00 ff ff ff ff f7 37 01 08 46 38 01 08 00 00 00 81 00 6c dc 02 e8 07 00 20
0x200036a0: 40 00 00 00 00 00 00 00 0a 00 00 00 e8 07 00 20 e9 36 00 20 01 00 00 00 6c 37 00 20 c7 a1 00 08
0x200036c0: 00 00 00 00 b1 0a 00 08 7c 09 00 20 16 00 00 00 f4 a5 01 08 81 77 00 08 01 00 00 00 b1 34 00 08
0x200036e0: 01 00 00 00 00 00 00 00 00 00 00 00 00 00 00 00 16 00 00 00 3c 00 00 00 03 00 00 00 00 00 00 00
0x20003700: 00 00 00 00 33 01 00 08 30 09 00 20 7c 09 00 20 f4 a5 01 08 00 00 00 00 00 00 00 00 00 00 00 00
0x20003720: 7c 09 00 20 01 00 00 00 f4 a5 01 08 91 78 00 08 f4 a5 01 08 b1 34 00 08 f4 a5 01 08 f9 ff ff ff
0x20003740: 00 00 00 00 03 00 00 00 f4 a5 01 08 bf 01 01 08 03 00 00 00 9c 03 00 20 ff ff ff ff 00 00 00 00
0x20003760: 03 00 00 00 cb 85 01 08 50 bc 00 08 00 00 00 81 f4 a5 01 08 cb 85 01 08 ae 5c 3c c9 5f 37 08 8d
0x20003780: e8 05 aa 7c d5 22 71 db 1f 58 dd e0 ac 72 ea 5d 2b d0 ec e1 f5 b2 dd c3 d5 ee 75 ee e6 01 a0 9f
0x200037a0: 75 a1 b1 2c 31 75 a2 4c 9f f9 e7 67 87 91 f2 6f d5 2b 75 23 90 5b 08 b3 3e 55 bb 43 15 ef 51 e9
0x200037c0: 09 dc 8b 47 95 ef 97 aa 7d 86 df 2f 0a 07 e2 b6 ac ce aa 01 05 8c d0 9f 27 8d 87 ac a4 09 aa fd
0x200037e0: 02 86 65 22 b8 f1 2f b3 ff 75 37 51 ee b8 51 fa 9d 14 47 62 9d 16 66 5b e2 5f 28 5f 59 2f 51 ba
0x20003800: 1b 64 bb c7 a7 32 bd f5 5c d7 e1 2a ae 45 88 51 58 f1 a2 2d 75 ab 14 a9 dc 11 51 ab 81 94 1b 79
0x20003820: 15 a1 65 62 b2 55 74 53 18 ed 9d 64 14 a0 c5 66 38 69 d1 6e af 55 33 57 a8 e0 ac 5d 8f 2c d0 18
0x20003840: a7 c5 ec 55 15 ca c5 ae 50 3f 7e 8a e8 45 a6 08 37 0c ea 05 0d 38 d7 ae 95 ba 3f 2e 92 58 27 0c
0x20003860: 33 9a 41 eb bf 55 6a 6b 78 d4 82 24 31 8a b2 22 d5 a6 85 2f 9b 75 83 c7 fa 59 aa 17 85 6a 90 84
0x20003880: ea 64 b3 03 da a2 fa 2e 0b ea 37 3a 8a 66 9f 33 28 b8 b4 52 85 9e 34 db 77 a0 7d 87 93 07 20 15
0x200038a0: 51 6f 31 a2 6f 25 1b 4d ac 25 b4 de e5 a5 7c c4 ec 27 31 c8 4a 09 e9 cb b3 15 4a 8d 67 42 07 09
0x200038c0: b3 54 c9 51 fb ac ca ec 54 eb 09 7a 2b 5b 84 c5 c0 e5 3f 47 c5 a6 61 26 d3 a5 99 ae c0 26 a0 25
0x200038e0: 61 a8 41 e3 aa 64 88 eb 6e 6d f8 f5 ae e0 71 e2 6c 06 bc e0 2a 55 ee 71 e3 9d f8 7d 60 1d 7d 32
0x20003900: 8a 50 aa d2 75 ab dd c7 f7 fa 35 a3 04 c3 dc 81 f8 a0 23 2d d5 8a 37 fb 55 ae 39 e8 95 88 61 fd
0x20003920: 98 a4 95 84 ec 41 fa 8d 2f 6c 16 d3 c4 b0 d0 bb d1 28 15 42 c1 09 6d 47 bf 53 af 2e 9d 8b 45 2e
0x20003940: 23 29 a9 41 65 2c c9 ab e9 26 73 b6 bb 51 22 6c e8 45 3b e4 d8 2f 1b ed dd 62 d7 8a da 58 0e 13
0x20003960: 16 44 5d 91 fa 57 9d 9d fa 1d 2a 44 30 0b 3d a8 63 0c 1a ae e9 5d 5a 4d db 9c e6 7d 31 fc c7 0d
0x20003980: 22 e5 c8 7d fd a6 72 be 61 a9 97 24 60 55 02 9d 2a 15 05 52 15 8d 67 a8 1b ea 73 bd 03 54 2e 30
0x200039a0: 0c 93 78 2e b2 54 a9 55 ae c1 83 dd b4 0c 81 4d 77 a2 dd 8a e3 e6 db a6 84 7b fb 5b 65 e2 95 aa
0x200039c0: a8 18 24 75 f6 2f 7f 3d 4f be df 3a ca 35 0e 74 08 57 0f 90 19 6b 5f b9 5b 98 17 2a 48 0c 3b 3e
0x200039e0: 79 aa 65 e7 2e f1 96 e7 0e f5 f4 5d 1d ab d4 46 07 07 d4 df 8e 15 cf f7 ee 5c ba f7 8e 10 d7 22
0x20003a00: e8 d6 cb 2f 67 e7 d5 ea 37 ab 05 1a 95 3c 81 2b 72 66 87 01 56 a8 87 a3 7e ab e7 a9 65 64 86 84
0x20003a20: 39 0a db 0a bd 0c fb 2d 9f 57 ab 5b bf a2 53 98 8b 52 69 5b aa 52 66 03 3e 95 ab af 65 82 a5 25
0x20003a40: bb 4c b0 d5 99 ae 5f 92 54 ab c5 2b 88 64 89 17 8e 81 8c 65 85 b5 44 e6 95 fa 5c ab 08 38 6a 5b
0x20003a60: 74 c0 1e 1a e3 15 b0 dd bb 1b d3 74 05 30 91 a8 e3 0e 47 69 c2 5c 67 5c 4a 59 3c 63 02 5d 54 6b
0x20003a80: ba 05 a8 bd 3a 23 fe ba 5f 20 ec fb cb 21 a2 71 68 15 e2 cd 24 3f f7 ee 7f 96 72 ae 0e 91 f2 fe
0x20003aa0: 99 68 d5 8a 0e 55 ba 53 a8 d5 26 8f 1a d4 20 0b 41 8f 16 8a 57 57 2a 4f ff 95 8a e5 45 08 c0 ac
0x20003ac0: 8a 28 be 42 da 7a 35 0b 01 89 5d a8 28 01 74 47 25 10 12 25 51 86 f3 29 d1 83 6d aa 90 c5 b6 51
0x20003ae0: b1 aa 55 4d aa 13 ad 34 a2 70 24 79 60 72 06 28 25 69 d4 92 af d4 aa fb 6a dc ae ec 25 96 7b 08
0x20003b00: 07 d5 ac 41 4d 8a c6 ad 5e 7e 48 2b c9 3e 80 0d 62 5f a8 40 d2 57 6c 6a 77 ea 16 3a 51 c5 12 06
0x20003b20: 07 e0 15 ca 96 f7 3e 0b a3 d7 6a 45 02 3b 31 40 40 bb 48 a3 60 d7 61 f1 7b 71 0e 95 05 ba 74 80
0x20003b40: a8 54 89 16 dc fc 09 3b 63 68 37 ea 22 7c ba 73 55 79 86 4a 1c 36 c6 66 61 ba 46 82 28 67 42 0e
0x20003b60: 85 2e 68 a9 ae bd 2b 8b 9c df fc 39 d4 ae 64 28 94 50 d6 f2 01 d0 f9 9f e2 de eb 77 13 6e 75 ee
0x20003b80: ce 06 c5 85 d5 a3 51 ce 54 5b d4 be c0 25 01 54 f2 7f a0 d6 5c 7e 3f da 17 b6 f5 8a 50 36 a9 40
0x20003ba0: 53 a8 05 80 09 c9 bc 0b 3b 5d bd fe 04 2a 51 6a 52 be 35 8e b6 15 ed d4 bb 55 2a 5c d6 3d 87 20
0x20003bc0: 2a 52 e0 35 35 38 d5 cd d7 54 7c bc aa 0c b5 50 9b 1f b8 40 3f 9c 71 8f d3 bd 49 81 8a 05 ec 11
0x20003be0: 10 ab 38 0e e7 59 ca 1c be d7 fa 55 55 8f f7 44 0d 8a 4c 7d 61 d7 fa 7e a8 15 9e 57 21 a3 9c 3a
0x20003c00: 83 e1 ab 13 5d 79 8d ff 90 3b c7 ec 2a 53 28 6f 88 5d a0 71 fd ce 17 82 71 c1 6f c8 f7 ca 3a 10
0x20003c20: 1d e8 05 3b 6a 76 23 db 22 de 0d 5f 47 3e 21 8b 05 8a c6 16 15 d7 c9 66 fe 55 aa 55 61 d5 17 06
0x20003c40: 2a 55 e2 69 13 de d7 ef 51 ab 95 6f 00 fd 1b 7f 44 b2 a0 41 11 8a 15 19 55 2e 37 ba 0c 4c bb 93
0x20003c60: 57 a8 55 b3 aa ad 7d bb f3 86 09 c5 f3 a8 95 aa 15 a6 5d b2 a7 c0 9f b3 ea 5e f2 5c a3 c2 b4 3a
0x20003c80: 8a 45 0c 1f fd ce 76 1a 7c e8 df 93 7a 45 aa 19 a8 61 21 57 dd af 55 86 e5 ab ed ae ed 0f 41 1e
0x20003ca0: 50 e8 d4 eb f2 dc 37 f7 66 dd f8 d7 42 be 55 b3 65 84 f0 cb 0d 10 a6 d3 a8 75 f2 31 4d 68 e4 08
0x20003cc0: aa 75 b2 30 d7 65 b5 ae f7 8a 1d c7 aa 10 fb e2 b4 06 b6 43 55 b6 76 ee d9 db d7 84 ca 51 b7 54
0x20003ce0: 76 aa 13 65 66 86 b8 07 57 77 2f 15 54 b2 54 01 0e 3b 03 80 8b 15 ab 27 fd f7 a3 be 57 81 c7 ae
0x20003d00: 88 93 ab d0 de a7 df de 77 28 f2 fb a6 34 ea fb 4b 4d 8a 97 55 a9 53 da 5d ab 47 2e 8c f1 00 12
0x20003d20: 7b 0e 94 22 ba 55 ee fe ea 40 da 1f 0a 28 df ba 29 64 19 8b 2b 6d 0c 51 39 99 aa a1 59 ad e5 11
0x20003d40: 28 50 22 7d 94 6d 31 a2 5e ef 53 3a 9f 25 32 24 6e 61 d2 01 9d a2 59 00 1f 24 bd 8e bd 10 ad 00
0x20003d60: 74 23 6d 83 db 21 a9 97 ef 80 4e dc 55 02 04 98 24 2a d5 e6 ac 51 cb 73 b2 91 ba 77 54 68 0f 0a
0x20003d80: 8b 97 10 a6 91 56 d5 92 07 86 3b 9a ae 7f b1 50 6a 95 0c 5c 67 a6 95 dc 45 e3 24 bc 2e 44 03 a9
0x20003da0: 75 81 d6 e2 71 11 ff c6 ef 36 fa c3 55 86 75 e2 b2 29 55 fa 1e 7c b3 5b b2 d7 a0 71 14 70 01 6b
0x20003dc0: c0 1c b5 59 71 fa e5 4a 50 98 ca bc ba 18 ab 64 48 90 ea 54 51 80 e1 e8 f6 7a 88 28 ca 57 80 09
0x20003de0: d0 a8 55 08 d6 0c cb 05 e3 6d e4 3f c4 18 01 6f 62 75 c4 9a 6b 4d ed 75 ea d1 ee b4 03 0b cd 93
0x20003e00: e2 c1 a4 1d f7 a4 84 1e b7 f8 52 48 fb 5d 0a 44 78 b0 8a 68 db ba 56 58 d9 cb 4f 92 1a 9c 08 51
0x20003e20: 94 ae 05 ba a0 08 88 7f ea 46 9c 31 e5 2b e4 3b f1 32 1c 1a 7a 51 9b 53 ed d3 b2 4d f9 93 11 82
0x20003e40: 69 f1 20 dd 65 be 44 cf 37 97 3d 1a a6 16 08 1a a6 43 bd d5 d4 cb 3c 29 7c b8 54 28 d6 46 80 40
0x20003e60: 28 80 54 f8 8a 44 fc d9 aa b3 ab cf 29 f0 4a c8 f1 b3 e5 b8 f3 bf af 78 a6 f6 e8 5b d6 ae 04 ea
0x20003e80: 3c 51 8a 51 55 8b 5c cb d1 6b 55 a8 9a 79 f6 19 03 54 82 58 23 12 17 5a 1f 81 5f ab 02 00 1e 43
0x20003ea0: 41 8a 41 8b bb 13 6d 43 a6 ff be 42 1e 2a 4d 1b 04 a8 11 e2 6d 0c 6b 15 ab 4d ee 85 1d 2c 6c a8
0x20003ec0: 09 75 a2 d0 d9 de 07 10 51 1d 0d d3 5b 55 09 95 8a 04 81 55 0d 28 d5 fc 98 2a 47 a0 88 21 c5 d5
0x20003ee0: 10 49 06 62 62 4d a7 73 af 3c 2d ce 8f 0c 21 aa 27 a1 15 22 0f 75 ab bc 8a 6d bb 55 5a 3f f0 91
0x20003f00: 5e 11 81 3d 5c ee 04 79 f5 c4 0d 75 9c c5 2f 74 c8 03 2b d1 5a 9a 77 0a 99 08 fc 2b d8 08 b7 66
0x20003f20: aa a6 6a 07 b3 c3 aa 50 8b 72 27 f5 c9 ea 1d e8 17 2c 45 05 b7 75 e3 3d 2c d3 bb d5 b7 31 57 50
0x20003f40: ae 94 4e 44 85 b0 5d ae 7f be d7 68 2e f0 0e 24 6b 54 a6 52 c3 d2 76 de 53 7a fe 28 ca 59 ba 75
0x20003f60: 05 ba 65 b2 29 19 df 55 f2 d7 2a 52 31 a6 be 11 54 38 48 8a 38 d9 ca 3d ae 6d 2e 9d 0d ba 44 a8
0x20003f80: bb 04 2b 74 d5 7a 37 f0 55 68 14 81 28 50 3a 43 14 41 0b 02 14 f3 c3 ae 4f 9b 51 8a 12 53 42 1b
0x20003fa0: 5d e9 91 42 d8 29 a4 53 a3 ef cd d9 13 a9 6d 33 13 a2 19 8c 86 26 2e 05 1a bd 8e 03 52 aa 5c 02
0x20003fc0: fc 0a 80 5d d5 c6 b6 19 4f da 75 ac 22 d6 bf 55 ae 54 23 a1 9c 86 1d f0 ad 9c cd 8e ce 91 8d 11
0x20003fe0: 97 8a 04 2e 9f 1e bc e6 7b 3e a5 d2 d9 2a 18 f0 5c 0c 15 8e ea 55 ad d4 64 95 83 d5 44 21 21 cd