0x20000000: c8 00 01 00 00 00 00 00 00 00 00 00 00 00 00 00 00 00 00 00 00 00 00 00 00 00 00 00 00 00 00 00
0x20000020: 00 00 00 00 00 00 00 00 00 00 00 00 00 00 00 00 00 00 00 00 00 00 00 00 00 00 00 00 00 00 00 00
0x20000040: 00 00 00 00 00 00 00 00 00 00 00 00 00 00 00 00 00 00 00 00 00 00 00 00 00 00 00 00 00 00 00 00
0x20000060: 00 00 00 00 00 00 00 00 00 00 00 00 00 00 00 00 00 00 00 00 00 00 00 00 00 00 00 00 00 00 00 00
0x20000080: 00 00 00 00 00 00 00 00 00 00 00 00 00 00 00 00 a5 ca fa a5 cb fa a5 cc fa a5 00 00 00 00 00 00
0x200000a0: 01 00 00 60 00 00 01 62 fa 00 00 00 00 00 64 00 b9 00 54 00 00 00 00 00 00 00 00 00 00 00 00 00
0x200000c0: 00 00 00 00 00 00 00 00 00 00 00 00 00 00 00 00 00 00 00 00 00 00 00 00 00 00 00 00 00 00 00 00
0x200000e0: 00 00 00 00 00 00 00 00 00 00 00 00 00 00 91 b4 00 00 00 00 db 96 fa 1f f9 58 05 20 e3 96 fa 1f
0x20000100: 00 00 00 00 00 00 00 00 00 00 00 00 00 00 00 00 00 00 00 00 00 00 00 00 00 00 00 00 00 00 00 00
0x20000120: 00 00 00 00 00 00 00 00 00 00 00 00 00 00 00 00 00 00 00 00 00 00 00 00 00 00 00 00 00 00 00 00
0x20000140: 00 00 00 00 00 00 00 00 00 00 00 00 00 00 00 00 00 00 00 00 00 00 00 00 00 00 00 00 00 00 00 00
0x20000160: 00 00 00 00 00 00 00 00 00 00 00 00 00 00 00 00 00 00 00 00 00 00 00 00 00 00 00 00 00 00 00 00
0x20000180: 00 00 00 00 00 00 00 00 00 00 00 00 00 00 00 00 00 00 00 00 00 00 00 00 00 00 00 00 00 00 00 00
0x200001a0: 00 00 00 00 00 00 00 00 00 00 00 00 00 00 00 00 00 00 00 00 00 00 00 00 00 00 00 00 00 00 00 00
0x200001c0: 00 00 00 00 00 00 00 00 00 00 00 00 00 00 00 00 00 00 00 00 00 00 00 00 00 00 00 00 00 00 00 00
0x200001e0: 00 00 00 00 00 00 00 00 00 00 00 00 00 00 00 00 00 00 00 00 00 00 00 00 00 00 00 00 00 00 00 00
0x20000200: 00 00 00 00 00 00 00 00 e8 03 00 00 00 00 00 00 00 00 00 00 e8 03 00 00 00 00 00 00 00 00 00 00
0x20000220: 00 00 00 00 00 00 00 00 00 00 00 00 00 00 00 00 00 00 00 00 00 00 00 00 00 00 00 00 00 00 07 49
0x20000240: 00 00 00 00 00 00 00 00 00 00 00 00 00 00 00 00 00 00 00 00 00 00 00 00 00 00 00 00 00 00 00 00
0x20000260: 00 00 00 00 0d 00 00 00 00 00 00 00 00 00 00 00 78 00 78 00 00 00 00 00 00 00 00 00 00 00 00 00
0x20000280: 00 00 00 00 00 00 00 00 00 00 00 00 00 00 00 00 00 00 00 00 00 00 00 00 00 00 00 00 00 00 00 00
0x200002a0: 00 00 00 00 00 00 00 00 00 00 00 00 00 00 00 00 00 00 00 00 00 00 00 00 00 00 00 00 00 00 00 00
0x200002c0: 00 00 00 00 00 00 00 00 00 00 00 00 14 00 00 00 00 00 00 00 00 00 00 00 00 00 00 00 00 00 00 00
0x200002e0: 00 00 00 00 01 00 00 00 00 00 00 00 18 00 00 00 00 00 00 00 00 00 00 00 00 00 00 00 00 00 00 00
0x20000300: 00 00 00 00 00 00 00 00 e8 03 00 00 00 00 00 00 00 00 00 00 00 00 00 00 00 00 00 00 00 00 00 00
0x20000320: 00 00 00 00 00 00 00 00 00 00 00 00 00 00 00 00 00 00 00 00 00 00 00 56 00 00 00 00 03 00 00 00
0x20000340: 9d 01 00 00 1f 1c 1f 1e 1f 1e 1f 1f 1e 1f 1e 1f 00 00 00 00 00 00 00 00 00 00 00 00 00 00 00 00
0x20000360: a9 2b 00 00 00 00 00 00 00 00 00 00 00 00 00 00 00 00 00 00 00 00 00 00 00 00 00 00 00 00 00 00
0x20000380: 00 00 00 00 00 00 00 00 00 00 00 00 00 00 00 00 00 00 00 00 00 00 00 00 00 00 00 00 00 00 00 00
0x200003a0: 00 00 00 00 00 00 00 01 ff 0f ff 0f ff 0f ff 0f ff 0f ff 0f ff 0f 00 00 02 00 02 00 00 00 00 00
0x200003c0: 00 00 00 00 00 00 00 00 08 01 01 00 00 00 00 00 00 00 00 00 00 00 00 00 00 00 12 02 00 6c dc 02
0x200003e0: 35 8e 1c 00 80 23 00 20 80 23 00 20 b0 23 00 20 b0 23 00 20 00 00 00 00 00 00 00 00 01 00 00 00
0x20000400: f4 a3 01 08 fc a3 01 08 04 a4 01 08 08 a4 01 08 0c a4 01 08 10 a4 01 08 14 a4 01 08 18 a4 01 08
0x20000420: 1c a4 01 08 20 a4 01 08 f8 a3 01 08 00 a4 01 08 31 31 31 31 31 31 31 31 31 31 31 31 31 31 00 32
0x20000440: 32 32 32 32 32 32 32 32 32 32 32 32 32 00 33 33 33 33 33 33 33 33 33 33 33 33 33 33 00 34 34 34
0x20000460: 34 34 34 34 34 34 34 34 34 34 34 00 35 35 35 35 35 35 35 35 35 35 35 35 35 35 00 36 36 36 36 36
0x20000480: 36 36 36 36 36 36 36 36 36 00 37 37 37 37 37 37 37 37 37 37 37 37 37 37 00 30 30 30 30 30 30 30
0x200004a0: 30 30 30 30 30 30 30 00 00 00 00 00 00 00 00 00 00 00 00 00 00 00 00 00 00 00 00 00 00 00 00 00
0x200004c0: 00 00 00 00 00 00 00 00 dc 23 00 20 01 00 00 00 00 00 00 00 00 00 00 00 00 00 00 00 00 00 00 00
0x200004e0: 00 00 00 00 00 00 07 00 00 00 00 00 00 00 00 00 00 1e 00 00 00 00 00 00 00 00 00 00 00 00 00 00
0x20000500: 00 00 00 00 00 00 03 00 00 00 00 00 00 00 00 00 00 1e 00 00 00 00 00 00 00 00 00 00 00 00 00 00
0x20000520: 00 00 00 00 00 00 04 00 00 00 00 00 00 00 00 00 00 1e 00 00 00 00 00 00 00 00 00 00 00 00 00 00
0x20000540: 00 00 00 00 00 00 02 00 00 00 00 00 00 00 00 00 00 1e 00 00 00 00 00 00 00 00 00 00 00 00 00 00
0x20000560: 00 00 00 00 00 00 05 00 00 00 00 00 00 00 00 00 00 c2 00 00 81 cd 00 00 00 00 00 00 00 00 00 00
0x20000580: 00 00 00 00 00 00 01 00 00 00 00 00 00 00 00 00 00 c2 00 00 81 cd 00 00 00 00 00 00 00 00 00 00
0x200005a0: 00 00 00 00 00 00 06 00 00 00 00 00 00 00 00 00 00 00 00 00 00 00 00 00 00 00 00 00 00 00 00 00
0x200005c0: 00 00 00 00 00 00 00 00 00 00 00 00 00 00 00 00 00 00 00 00 00 00 00 00 00 00 00 00 00 00 00 00
0x200005e0: 00 00 00 00 00 00 00 00 00 00 00 00 00 00 00 00 00 00 00 00 00 00 00 00 00 00 00 00 00 00 00 00
0x20000600: 00 00 00 00 00 00 00 00 00 00 00 00 00 00 00 00 00 00 00 00 00 00 00 00 00 00 00 00 00 00 00 00
0x20000620: 00 00 00 00 00 00 00 00 00 00 00 00 00 00 00 00 00 00 00 00 00 00 00 00 00 00 00 00 00 00 00 00
0x20000640: 00 00 00 00 00 00 00 00 00 00 00 00 00 00 00 00 00 00 00 00 00 00 00 00 00 00 00 00 00 00 00 00
0x20000660: 00 00 00 00 00 00 00 00 00 00 00 00 00 00 00 00 00 00 00 00 00 00 00 00 00 00 00 00 00 00 00 00
0x20000680: 00 00 00 00 00 00 00 00 00 00 00 00 00 00 00 00 00 00 00 00 00 00 00 00 00 00 00 00 00 00 00 00
0x200006a0: 00 00 00 00 00 00 00 00 00 00 00 00 00 00 00 00 00 00 00 00 00 00 00 00 00 00 00 00 00 00 00 00
0x200006c0: 00 00 00 00 00 00 e8 03 00 00 00 00 00 00 00 00 00 00 00 00 00 00 00 00 00 00 00 00 00 00 00 00
0x200006e0: 00 00 00 00 00 00 00 00 00 00 00 00 61 61 61 61 61 61 61 61 61 61 61 61 61 0d 0a 52 76 65 0d 0a
0x20000700: 6d 65 6e 75 6d 65 6e 75 6d 65 6e 75 6d 65 6e 75 6d 65 6e 75 6d 65 6e 75 6d 65 6e 75 6d 65 6e 75
0x20000720: 0d 0a 31 32 33 34 35 36 37 38 39 30 31 32 33 34 35 36 37 38 39 30 31 32 33 34 35 36 37 38 39 30
0x20000740: 0d 0a 61 61 61 61 61 61 61 61 61 61 61 61 61 61 61 61 61 61 61 61 61 61 61 61 61 61 61 61 61 61
0x20000760: 61 61 61 61 61 61 61 61 61 61 61 61 00 00 00 00 00 00 00 00 00 00 00 00 00 38 01 40 00 c2 01 00
0x20000780: 00 00 00 00 00 00 00 00 00 00 00 00 0c 00 00 00 00 00 00 00 00 00 00 00 00 00 00 00 00 00 00 00
0x200007a0: 00 00 00 00 00 00 00 00 00 00 00 00 00 00 00 00 00 00 00 00 00 00 00 00 00 00 00 00 00 00 00 00
0x200007c0: 00 00 00 00 6a 16 00 20 2b 00 00 00 00 00 00 00 00 00 00 00 00 00 00 00 58 08 00 20 00 00 00 00
0x200007e0: 00 01 00 00 00 00 00 00 00 48 00 40 00 c2 01 00 00 00 00 00 00 00 00 00 00 00 00 00 0c 00 00 00
0x20000800: 00 00 00 00 00 00 00 00 00 00 00 00 00 00 00 00 00 00 00 00 00 00 00 00 00 00 00 00 00 00 00 00
0x20000820: 00 00 00 00 00 00 00 00 00 00 00 00 00 00 00 00 00 00 00 00 00 00 00 00 01 00 00 00 00 00 00 00
0x20000840: 00 00 00 00 00 00 00 00 00 00 00 00 00 00 00 00 00 01 00 00 00 00 00 00 1c 00 02 40 10 00 00 00
0x20000860: 00 00 00 00 80 00 00 00 00 00 00 00 00 00 00 00 00 00 00 00 00 10 00 00 00 01 00 00 78 07 00 20
0x20000880: 7b 35 01 08 b5 35 01 08 55 35 01 08 00 00 00 00 00 28 00 40 00 00 00 00 7f 00 00 00 ff 00 00 00
0x200008a0: 00 00 00 00 00 00 00 00 00 00 00 00 00 01 00 00 00 00 ff 0f 00 00 ff 0f 60 09 00 00 00 00 e0 04
0x200008c0: ff 0f ff 0f ff 0f ff 0f 00 00 ff 0f 00 00 00 00 00 00 00 00 00 00 00 00 60 09 00 00 00 00 e0 04
0x200008e0: 00 00 00 00 00 00 00 00 00 00 00 00 00 00 00 00 00 00 00 00 00 00 00 00 60 09 00 00 00 00 f2 04
0x20000900: 00 00 00 00 00 00 00 00 00 00 00 00 00 00 00 00 00 00 00 00 00 00 00 00 5f 09 00 00 00 00 f8 04
0x20000920: 00 00 00 00 00 00 00 00 00 00 00 00 00 00 00 00 00 24 01 40 00 00 00 80 00 00 00 00 00 00 00 00
0x20000940: 01 00 00 00 08 00 00 00 00 00 00 00 00 00 00 00 00 00 00 00 00 00 00 00 00 00 00 00 00 00 00 00
0x20000960: 01 00 00 00 01 00 00 00 00 00 00 00 7c 09 00 20 00 00 00 00 01 02 00 00 00 00 00 00 08 00 02 40
0x20000980: 00 00 00 00 00 00 00 00 80 00 00 00 00 01 00 00 00 04 00 00 20 00 00 00 00 00 00 00 00 01 00 00
0x200009a0: 30 09 00 20 2f 0b 00 08 d3 0b 00 08 b5 0b 00 08 00 00 00 00 00 30 01 40 04 01 00 00 00 00 00 00
0x200009c0: 00 07 00 00 00 00 00 00 00 00 00 00 00 02 00 00 18 00 00 00 00 00 00 00 00 00 00 00 00 00 00 00
0x200009e0: 07 00 00 00 01 00 00 00 08 00 00 00 00 00 00 00 00 00 00 00 00 00 00 00 00 00 00 00 00 00 00 00
0x20000a00: 00 00 00 00 00 00 00 00 00 00 00 00 00 00 00 00 00 01 00 00 00 00 00 00 00 2c 01 40 01 00 00 00
0x20000a20: 00 00 00 00 40 06 00 00 00 00 00 00 00 00 00 00 00 00 00 00 00 00 00 00 00 00 00 00 00 00 00 00
0x20000a40: 00 00 00 00 00 00 00 00 00 00 00 00 00 00 00 00 00 01 00 00 00 00 00 40 c0 12 00 00 00 00 00 00
0x20000a60: ff ff 00 00 00 00 00 00 00 00 00 00 00 00 00 00 00 00 00 00 00 00 00 00 00 00 00 00 00 00 00 00
0x20000a80: 00 00 00 00 00 00 00 00 00 00 00 00 00 01 00 00 00 04 00 40 01 00 00 00 00 00 00 00 60 09 00 00
0x20000aa0: 00 00 00 00 00 00 00 00 00 00 00 00 00 00 00 00 00 00 00 00 00 00 00 00 00 00 00 00 00 00 00 00
0x20000ac0: 00 00 00 00 00 00 00 00 00 01 00 00 00 48 01 40 00 00 00 00 00 00 00 00 00 00 00 00 00 00 00 00
0x20000ae0: 00 00 00 00 00 00 00 00 00 00 00 00 00 00 00 00 00 00 00 00 00 00 00 00 00 00 00 00 00 00 00 00
0x20000b00: 00 00 00 00 00 01 00 00 00 2c 00 40 80 01 00 00 7f 00 00 00 7f 00 00 00 00 01 00 00 00 30 00 40
0x20000b20: 00 00 00 00 ff 0f 00 00 d0 07 00 00 00 03 00 00 00 00 00 00 00 00 00 00 00 00 00 00 00 00 00 00
0x20000b40: 00 00 00 00 00 00 00 00 00 00 00 00 00 00 00 00 41 18 00 08 00 01 02 03 04 00 00 00 32 00 00 00
0x20000b60: 00 00 00 00 0a 00 00 00 0a 00 00 00 00 00 00 00 00 00 00 00 59 18 00 08 00 0d 0e 0f 10 00 00 00
0x20000b80: 32 00 00 00 00 00 00 00 0a 00 00 00 0a 00 00 00 00 00 00 00 00 00 00 00 02 00 00 00 0e 00 00 00
0x20000ba0: 01 00 00 00 0d 00 00 00 00 00 00 00 00 00 00 00 00 00 00 00 00 00 00 00 00 00 00 00 00 00 00 00
0x20000bc0: 00 00 00 00 00 00 00 00 00 00 00 00 00 00 00 00 00 00 00 00 00 00 00 00 00 00 00 00 00 00 00 00
0x20000be0: 00 00 00 00 00 00 00 00 00 00 00 00 00 00 00 00 00 00 00 00 00 00 00 00 00 00 00 00 00 00 00 00
0x20000c00: 00 00 00 00 00 00 00 00 00 00 00 00 00 00 00 00 00 00 00 00 00 00 00 00 00 00 00 00 00 00 00 00
0x20000c20: 00 00 00 00 00 00 00 00 04 04 00 00 00 00 00 00 00 00 00 00 00 00 00 00 00 00 00 00 00 00 00 00
0x20000c40: 00 00 00 00 00 00 00 00 00 00 00 00 00 00 00 00 00 00 00 00 00 00 00 00 00 00 00 00 00 00 00 00
0x20000c60: 00 00 00 00 00 00 00 00 00 00 00 00 00 00 00 00 00 00 00 00 00 00 00 00 00 00 00 00 00 00 00 00
0x20000c80: 00 00 00 00 00 00 00 00 00 00 00 00 00 00 00 00 00 00 00 00 00 00 00 00 00 00 00 00 00 00 00 00
0x20000ca0: 00 00 00 00 00 00 00 00 00 00 00 00 00 00 00 00 00 00 00 00 00 00 00 00 00 00 00 00 00 00 00 00
0x20000cc0: 00 00 00 00 00 00 00 00 00 00 00 00 00 00 00 00 00 00 00 00 00 00 00 00 00 00 00 00 00 00 00 00
0x20000ce0: 00 00 00 00 00 00 00 00 00 00 00 00 00 00 00 00 00 00 00 00 00 00 00 00 00 00 00 00 00 00 00 00
0x20000d00: 00 00 00 00 00 00 00 00 00 00 00 00 00 00 00 00 00 00 00 00 00 00 00 00 00 00 00 00 00 00 00 00
0x20000d20: 00 00 00 00 00 00 00 00 00 00 00 00 00 00 00 00 00 00 00 00 00 00 00 00 00 00 00 00 00 00 00 00
0x20000d40: 00 00 00 00 00 00 00 00 00 00 00 00 00 00 00 00 00 00 00 00 00 00 00 00 00 00 00 00 01 00 00 00
0x20000d60: 01 00 00 00 00 00 00 00 00 00 00 00 00 00 00 00 00 00 00 00 00 00 00 00 00 00 00 00 00 00 00 00
0x20000d80: 00 00 00 00 00 00 00 00 00 00 00 00 00 00 00 00 00 00 00 00 00 00 00 00 00 00 00 00 00 00 00 00
0x20000da0: 00 00 00 00 00 00 00 00 00 00 00 00 00 00 00 00 00 00 00 00 00 00 00 00 00 00 00 00 00 00 00 00
0x20000dc0: 00 00 00 00 00 00 00 00 00 00 00 00 00 00 00 00 00 00 00 00 00 00 00 00 00 00 00 00 00 00 00 00
0x20000de0: 00 00 00 00 00 00 00 00 00 00 00 00 00 00 00 00 00 00 00 00 00 00 00 00 00 00 00 00 00 00 00 00
0x20000e00: 00 00 00 00 00 00 00 00 00 00 00 00 00 00 00 00 00 00 00 00 00 00 00 00 00 00 00 00 00 00 00 00
0x20000e20: 00 00 00 00 00 00 00 00 00 00 00 00 00 00 00 00 00 00 00 00 00 00 00 00 00 00 00 00 00 00 00 00
0x20000e40: 00 00 00 00 00 00 00 00 00 00 00 00 00 00 00 00 00 00 00 00 00 00 00 00 00 00 00 00 00 00 00 00
0x20000e60: 00 00 00 00 00 00 00 00 00 00 00 00 00 00 00 00 00 00 00 00 00 00 00 00 00 00 00 00 01 00 00 00
0x20000e80: 00 00 00 00 01 00 01 00 00 00 00 00 0a 00 00 00 00 00 00 00 01 01 00 00 00 00 00 00 0e 00 00 00
0x20000ea0: 00 00 00 00 0e 01 00 00 00 00 00 00 00 01 00 00 00 00 00 00 00 02 00 00 00 00 00 00 00 03 00 00
0x20000ec0: 00 00 00 00 0b 01 00 00 00 00 00 00 09 00 00 00 00 00 01 00 09 00 00 00 00 00 01 00 09 00 00 00
0x20000ee0: 00 00 01 00 09 00 00 00 00 00 01 00 09 00 00 00 00 00 01 00 09 00 00 00 00 00 01 00 09 00 00 00
0x20000f00: 00 00 01 00 09 01 00 00 00 00 01 00 09 01 00 00 00 00 01 00 09 01 00 00 00 00 01 00 09 01 00 00
0x20000f20: 00 00 01 00 0d 01 00 00 00 00 00 00 0d 00 00 00 00 00 00 00 0d 01 00 00 00 00 00 00 0d 03 00 00
0x20000f40: 00 00 00 00 09 04 00 00 00 00 00 00 09 04 00 00 00 00 00 00 09 03 00 00 00 00 00 00 07 00 00 00
0x20000f60: 00 00 00 00 02 01 00 00 00 00 00 00 02 00 00 00 00 00 00 00 00 00 00 00 00 00 00 00 03 00 00 00
0x20000f80: 00 00 00 00 00 00 00 00 00 00 00 00 00 00 00 00 00 00 00 00 00 00 00 00 00 00 00 00 00 00 00 00
0x20000fa0: 00 00 00 00 00 00 00 00 00 00 00 00 00 00 00 00 00 00 00 00 00 00 00 00 00 00 00 00 00 00 00 00
0x20000fc0: 00 00 00 00 00 07 0e 09 1c 1b 12 15 38 3f 36 31 24 23 2a 2d 70 77 7e 79 6c 6b 62 65 48 4f 46 41
0x20000fe0: 54 53 5a 5d e0 e7 ee e9 fc fb f2 f5 d8 df d6 d1 c4 c3 ca cd 90 97 9e 99 8c 8b 82 85 a8 af a6 a1
0x20001000: b4 b3 ba bd c7 c0 c9 ce db dc d5 d2 ff f8 f1 f6 e3 e4 ed ea b7 b0 b9 be ab ac a5 a2 8f 88 81 86
0x20001020: 93 94 9d 9a 27 20 29 2e 3b 3c 35 32 1f 18 11 16 03 04 0d 0a 57 50 59 5e 4b 4c 45 42 6f 68 61 66
0x20001040: 73 74 7d 7a 89 8e 87 80 95 92 9b 9c b1 b6 bf b8 ad aa a3 a4 f9 fe f7 f0 e5 e2 eb ec c1 c6 cf c8
0x20001060: dd da d3 d4 69 6e 67 60 75 72 7b 7c 51 56 5f 58 4d 4a 43 44 19 1e 17 10 05 02 0b 0c 21 26 2f 28
0x20001080: 3d 3a 33 34 4e 49 40 47 52 55 5c 5b 76 71 78 7f 6a 6d 64 63 3e 39 30 37 22 25 2c 2b 06 01 08 0f
0x200010a0: 1a 1d 14 13 ae a9 a0 a7 b2 b5 bc bb 96 91 98 9f 8a 8d 84 83 de d9 d0 d7 c2 c5 cc cb e6 e1 e8 ef
0x200010c0: fa fd f4 f3 00 00 00 00 00 00 00 00 00 00 00 00 00 00 00 00 00 00 00 00 00 00 00 00 00 00 00 00
0x200010e0: 00 00 00 00 00 00 00 00 00 00 00 00 00 00 00 00 00 00 00 00 00 00 00 00 00 00 00 00 00 00 00 00
0x20001100: 00 00 00 00 00 00 00 00 00 00 00 00 00 00 00 00 00 00 00 00 00 00 00 00 00 00 00 00 00 00 00 00
0x20001120: 00 00 00 00 00 00 00 00 00 00 00 00 00 00 00 00 00 00 00 00 00 00 00 00 00 00 00 00 00 00 00 00
0x20001140: 00 00 00 00 00 00 00 00 00 00 00 00 00 00 00 00 00 00 00 00 00 00 00 00 00 00 00 00 00 00 00 00
0x20001160: 00 00 00 00 00 00 00 00 00 00 00 00 00 00 00 00 00 00 00 00 00 00 00 00 00 00 00 00 00 00 00 00
0x20001180: 00 00 00 00 00 00 00 00 00 00 00 00 00 00 00 00 00 00 00 00 00 00 00 00 00 00 00 00 00 00 00 00
0x200011a0: 00 00 00 00 00 00 00 00 00 00 00 00 00 00 00 00 00 00 00 00 00 00 00 00 00 00 00 00 00 00 00 00
0x200011c0: 00 00 00 00 00 00 00 00 00 00 00 00 00 00 00 00 00 00 00 00 00 00 00 00 00 00 00 00 00 00 00 00
0x200011e0: 00 00 00 00 00 00 00 00 00 00 00 00 00 00 00 00 00 00 00 00 00 00 00 00 00 00 00 00 00 00 00 00
0x20001200: 00 00 00 00 00 00 00 00 00 00 00 00 00 00 00 00 00 00 00 00 00 00 00 00 00 00 00 00 00 00 00 00
0x20001220: 00 00 00 00 00 00 00 00 00 00 00 00 00 00 00 00 00 00 00 00 00 00 00 00 00 00 00 00 00 00 00 00
0x20001240: 00 00 00 00 00 00 00 00 00 00 00 00 00 00 00 00 00 00 00 00 00 00 00 00 00 00 00 00 00 00 00 00
0x20001260: 00 00 00 00 00 00 00 00 00 00 00 00 00 00 00 00 00 00 00 00 00 00 00 00 00 00 00 00 00 00 00 00
0x20001280: 00 00 00 00 00 00 00 00 00 00 00 00 00 00 00 00 00 00 00 00 00 00 00 00 00 00 00 00 00 00 00 00
0x200012a0: 00 00 00 00 00 00 00 00 00 00 00 00 00 00 00 00 00 00 00 00 00 00 00 00 00 00 00 00 00 00 00 00
0x200012c0: 00 00 00 00 00 00 00 00 00 00 00 00 00 00 00 00 00 00 00 00 00 00 00 00 00 00 00 00 00 00 00 00
0x200012e0: 00 00 00 00 00 00 00 00 00 00 00 00 00 00 00 00 00 00 00 00 00 00 00 00 00 00 00 00 00 00 00 00
0x20001300: 00 00 00 00 00 00 00 00 00 00 00 00 00 00 00 00 00 00 00 00 00 00 00 00 00 00 00 00 00 00 00 00
0x20001320: 00 00 00 00 00 00 00 00 00 00 00 00 00 00 00 00 00 00 00 00 00 00 00 00 00 00 00 00 00 00 00 00
0x20001340: 00 00 00 00 00 00 00 00 00 00 00 00 00 00 00 00 00 00 00 00 00 00 00 00 00 00 00 00 00 00 00 00
0x20001360: 00 00 00 00 00 00 00 00 00 00 00 00 00 00 00 00 00 00 00 00 00 00 00 00 00 00 00 00 00 00 00 00
0x20001380: 00 00 00 00 00 00 00 00 00 00 00 00 00 00 00 00 00 00 00 00 00 00 00 00 00 00 00 00 00 00 00 00
0x200013a0: 00 00 00 00 00 00 00 00 00 00 00 00 00 00 00 00 00 00 00 00 00 00 00 00 00 00 00 00 00 00 00 00
0x200013c0: 00 00 00 00 00 00 00 00 00 00 00 00 00 00 00 00 00 00 00 00 00 00 00 00 00 00 00 00 00 00 00 00
0x200013e0: 00 00 00 00 00 00 00 00 00 00 00 00 00 00 00 00 00 00 00 00 00 00 00 00 00 00 00 00 00 00 00 00
0x20001400: 00 00 00 00 00 00 00 00 00 00 00 00 00 00 00 00 00 00 00 00 00 00 00 00 00 00 00 00 00 00 00 00
0x20001420: 00 00 00 00 00 00 00 00 00 00 00 00 00 00 00 00 00 00 00 00 00 00 00 00 00 00 00 00 00 00 00 00
0x20001440: 00 00 00 00 00 00 00 00 00 00 00 00 00 00 00 00 00 00 00 00 00 00 00 00 00 00 00 00 00 00 00 00
0x20001460: 00 00 00 00 00 00 00 00 00 00 00 00 00 00 00 00 00 00 00 00 00 00 00 00 00 00 00 00 00 00 00 00
0x20001480: 00 00 00 00 00 00 00 00 00 00 00 00 00 00 00 00 00 00 00 00 00 00 00 00 00 00 00 00 00 00 00 00
0x200014a0: 00 00 00 00 00 00 00 00 00 00 00 00 00 00 00 00 00 00 00 00 00 00 00 00 00 00 00 00 00 00 00 00
0x200014c0: 00 00 00 00 00 00 00 00 00 00 00 00 00 00 00 00 00 00 00 00 00 00 00 00 00 00 00 00 00 00 00 00
0x200014e0: 00 00 00 00 00 00 00 00 00 00 00 00 00 00 00 00 00 00 00 00 00 00 00 00 00 00 00 00 00 00 00 00
0x20001500: 00 00 00 00 00 00 00 00 00 00 00 00 00 00 00 00 00 00 00 00 00 00 00 00 00 00 00 00 00 00 00 00
0x20001520: 00 00 00 00 00 00 00 00 00 00 00 00 00 00 00 00 00 00 00 00 00 00 00 00 00 00 00 00 00 00 00 00
0x20001540: 00 00 00 00 00 00 00 00 00 00 00 00 00 00 00 00 00 00 00 00 00 00 00 00 00 00 00 00 00 00 00 00
0x20001560: 00 00 00 00 00 00 00 00 00 00 00 00 00 00 00 00 00 00 00 00 00 00 00 00 00 00 00 00 00 00 00 00
0x20001580: 00 00 00 00 00 00 00 00 00 00 00 00 00 00 00 00 00 00 00 00 00 00 00 00 00 00 00 00 00 00 00 00
0x200015a0: 00 00 00 00 00 00 00 00 00 00 00 00 00 00 00 00 00 00 00 00 00 00 00 00 00 00 00 00 00 00 00 00
0x200015c0: 00 00 00 00 00 00 00 00 00 00 00 00 00 00 00 00 00 00 00 00 00 00 00 00 00 00 00 00 00 00 00 00
0x200015e0: 00 00 00 00 00 00 00 00 00 00 00 00 00 00 00 00 00 00 00 00 00 00 00 00 00 00 00 00 00 00 00 00
0x20001600: 00 00 00 00 00 00 00 00 00 00 00 00 00 00 00 00 00 00 00 00 00 00 00 00 00 00 00 00 00 00 00 00
0x20001620: 00 00 00 00 00 00 00 00 00 00 00 00 00 00 00 00 00 00 00 00 00 00 00 00 00 00 00 00 00 00 00 00
0x20001640: 00 00 00 00 00 00 00 00 00 00 00 00 00 00 00 00 00 00 00 00 00 00 00 00 00 00 00 00 00 00 00 00
0x20001660: 00 00 00 00 00 00 00 00 00 00 60 46 43 3c 63 74 6c 20 69 64 3d 27 72 61 64 6f 6d 6e 75 6d 27 20
0x20001680: 74 64 3d 27 47 65 74 57 49 46 49 53 74 61 74 27 2f 3e 00 5b 0a 00 00 00 00 00 00 00 00 00 00 00
0x200016a0: 00 00 00 00 00 00 00 00 00 00 00 00 00 00 00 00 00 00 00 00 00 00 00 00 00 00 00 00 00 00 00 00
0x200016c0: 00 00 00 00 00 00 00 00 00 00 00 00 00 00 00 00 00 00 00 00 00 00 00 00 00 00 00 00 00 00 00 00
0x200016e0: 00 00 00 00 00 00 00 00 00 00 00 00 00 00 00 00 00 00 00 00 00 00 00 00 00 00 00 00 00 00 00 00
0x20001700: 00 00 00 00 00 00 00 00 00 00 00 00 00 00 00 00 00 00 00 00 00 00 00 00 00 00 00 00 00 00 00 00
0x20001720: 00 00 00 00 00 00 00 00 00 00 00 00 00 00 00 00 00 00 00 00 00 00 00 00 00 00 00 00 00 00 00 00
0x20001740: 00 00 00 00 00 00 00 00 00 00 00 00 00 00 00 00 00 00 00 00 00 00 00 00 00 00 00 00 00 00 00 00
0x20001760: 00 00 00 00 00 00 00 00 00 00 00 00 00 00 00 00 00 00 00 00 00 00 00 00 00 00 00 00 00 00 00 00
0x20001780: 00 00 00 00 00 00 00 00 00 00 00 00 00 00 00 00 00 00 00 00 00 00 00 00 00 00 00 00 00 00 00 00
0x200017a0: 00 00 00 00 00 00 00 00 00 00 00 00 00 00 00 00 00 00 00 00 00 00 00 00 00 00 00 00 00 00 00 00
0x200017c0: 00 00 00 00 00 00 00 00 00 00 00 00 00 00 00 00 00 00 00 00 00 00 00 00 00 00 00 00 00 00 00 00
0x200017e0: 00 00 00 00 00 00 00 00 00 00 00 00 00 00 00 00 00 00 00 00 00 00 00 00 00 00 00 00 00 00 00 00
0x20001800: 00 00 00 00 00 00 00 00 00 00 00 00 00 00 00 00 00 00 00 00 00 00 00 00 00 00 00 00 00 00 00 00
0x20001820: 00 00 00 00 00 00 00 00 00 00 00 00 00 00 00 00 00 00 00 00 00 00 00 00 00 00 00 00 00 00 00 00
0x20001840: 00 00 00 00 00 00 00 00 00 00 00 00 00 00 00 00 00 00 00 00 00 00 00 00 00 00 00 00 00 00 00 00
0x20001860: 00 00 00 00 00 00 00 00 00 00 00 00 00 00 00 00 00 00 00 00 00 00 00 00 00 00 00 00 00 00 00 00
0x20001880: 00 00 00 00 00 00 00 00 00 00 00 00 00 00 00 00 00 00 00 00 00 00 00 00 00 00 00 00 00 00 00 00
0x200018a0: 00 00 00 00 00 00 00 00 00 00 00 00 00 00 00 00 00 00 00 00 00 00 00 00 00 00 00 00 00 00 00 00
0x200018c0: 00 00 00 00 00 00 00 00 00 00 00 00 00 00 00 00 00 00 00 00 00 00 00 00 00 00 00 00 00 00 00 00
0x200018e0: 00 00 00 00 00 00 00 00 00 00 00 00 00 00 00 00 00 00 00 00 2b 00 01 00 00 00 00 00 00 00 00 00
0x20001900: 00 00 00 00 00 00 00 00 00 00 00 00 00 00 00 00 00 00 00 00 00 00 00 00 00 00 00 00 00 00 00 00
0x20001920: 00 00 00 00 00 00 00 00 00 00 00 00 00 00 00 00 00 00 00 00 00 00 00 00 00 00 00 00 00 00 00 00
0x20001940: 00 00 00 00 00 00 00 00 00 00 00 00 00 00 00 00 00 00 00 00 00 00 00 00 00 00 00 00 00 00 00 00
0x20001960: 00 00 00 00 00 00 00 00 00 00 00 00 00 00 00 00 00 00 00 00 00 00 00 00 00 00 00 00 00 00 00 00
0x20001980: 00 00 00 00 00 00 00 00 00 00 00 00 00 00 00 00 00 00 00 00 00 00 00 00 00 00 00 00 00 00 00 00
0x200019a0: 00 00 00 00 00 00 00 00 00 00 00 00 00 00 00 00 00 00 00 00 00 00 00 00 00 00 00 00 00 00 00 00
0x200019c0: 00 00 00 00 00 00 00 00 00 00 00 00 00 00 00 00 00 00 00 00 00 00 00 00 00 00 00 00 00 00 00 00
0x200019e0: 00 00 00 00 00 00 00 00 00 00 00 00 00 00 00 00 00 00 00 00 00 00 00 00 00 00 00 00 00 00 00 00
0x20001a00: 00 00 00 00 00 00 00 00 00 00 00 00 00 00 00 00 00 00 00 00 00 00 00 00 00 00 00 00 00 00 00 00
0x20001a20: 00 00 00 00 00 00 00 00 00 00 00 00 00 00 00 00 00 00 00 00 00 00 00 00 00 00 00 00 00 00 00 00
0x20001a40: 00 00 00 00 00 00 00 00 00 00 00 00 00 00 00 00 00 00 00 00 00 00 00 00 00 00 00 00 00 00 00 00
0x20001a60: 00 00 00 00 00 00 00 00 00 00 00 00 00 00 00 00 00 00 00 00 00 00 00 00 00 00 00 00 00 00 00 00
0x20001a80: 00 00 00 00 00 00 00 00 00 00 00 00 00 00 00 00 00 00 00 00 00 00 00 00 00 00 00 00 00 00 00 00
0x20001aa0: 00 00 00 00 00 00 00 00 00 00 00 00 00 00 00 00 00 00 00 00 00 00 00 00 00 00 00 00 00 00 00 00
0x20001ac0: 00 00 00 00 00 00 00 00 00 00 00 00 00 00 00 00 00 00 00 00 00 00 00 00 00 00 00 00 00 00 00 00
0x20001ae0: 00 00 00 00 00 00 00 00 00 00 00 00 00 00 00 00 00 00 00 00 00 00 00 00 00 00 00 00 00 00 00 00
0x20001b00: 00 00 00 00 00 00 00 00 00 00 00 00 00 00 00 00 00 00 00 00 00 00 00 00 00 00 00 00 00 00 00 00
0x20001b20: 00 00 00 00 00 00 00 00 00 00 00 00 00 00 00 00 00 00 00 00 00 00 00 00 00 00 00 00 00 00 00 00
0x20001b40: 00 00 00 00 00 00 00 00 00 00 00 00 00 00 00 00 00 00 00 00 00 00 00 00 00 00 00 00 00 00 00 00
0x20001b60: 00 00 00 00 00 00 00 00 00 00 00 00 00 00 00 00 00 00 00 00 00 00 00 00 00 00 00 00 00 00 00 00
0x20001b80: 00 00 00 00 01 00 00 00 00 00 00 00 00 00 00 00 00 00 00 00 00 00 00 00 00 00 00 00 00 00 00 00
0x20001ba0: 00 00 00 00 00 00 00 00 00 00 00 00 00 00 00 00 00 00 00 00 00 00 00 00 00 00 00 00 00 00 00 00
0x20001bc0: 00 00 00 00 00 00 00 00 00 00 00 00 00 00 00 00 00 00 00 00 00 00 00 00 00 00 00 00 00 00 00 00
0x20001be0: 00 00 00 00 00 00 00 00 00 00 00 00 00 00 00 00 00 00 00 00 00 00 00 00 00 00 00 00 00 00 00 00
0x20001c00: 00 00 00 00 00 00 00 00 00 00 00 00 00 00 00 00 00 00 00 00 00 00 00 00 00 00 00 00 00 00 00 00
0x20001c20: 00 00 00 00 00 00 00 00 00 00 00 00 00 00 00 00 00 00 00 00 00 00 00 00 00 00 00 00 00 00 00 00
0x20001c40: 00 00 00 00 00 00 00 00 00 00 00 00 00 00 00 00 00 00 00 00 00 00 00 00 00 00 00 00 00 00 00 00
0x20001c60: 00 00 00 00 00 00 00 00 00 00 00 00 00 00 00 00 00 00 00 00 00 00 00 00 00 00 00 00 00 00 00 00
0x20001c80: 00 00 00 00 00 00 00 00 00 00 00 00 00 00 00 00 00 00 00 00 00 00 00 00 00 00 00 00 00 00 00 00
0x20001ca0: 00 00 00 00 00 00 00 00 00 00 00 00 00 00 00 00 00 00 00 00 00 00 00 00 00 00 00 00 00 00 00 00
0x20001cc0: 00 00 00 00 00 00 00 00 00 00 00 00 00 00 00 00 00 00 00 00 00 00 00 00 00 00 00 00 00 00 00 00
0x20001ce0: 00 00 00 00 00 00 00 00 00 00 00 00 00 00 00 00 00 00 00 00 00 00 00 00 00 00 00 00 00 00 00 00
0x20001d00: 00 00 00 00 00 00 00 00 00 00 00 00 00 00 00 00 00 00 00 00 00 00 00 00 00 00 00 00 00 00 00 00
0x20001d20: 00 00 00 00 00 00 00 00 00 00 00 00 00 00 00 00 00 00 00 00 00 00 00 00 00 00 00 00 00 00 00 00
0x20001d40: 00 00 00 00 00 00 00 00 00 00 00 00 00 00 00 00 00 00 00 00 00 00 00 00 00 00 00 00 00 00 00 00
0x20001d60: 00 00 00 00 00 00 00 00 00 00 00 00 00 00 00 00 00 00 00 00 00 00 00 00 00 00 00 00 00 00 00 00
0x20001d80: 00 00 00 00 00 00 00 00 00 00 00 00 00 00 00 00 00 00 00 00 00 00 00 00 00 00 00 00 00 00 00 00
0x20001da0: 00 00 00 00 00 00 00 00 00 00 00 00 00 00 00 00 00 00 00 00 00 00 00 00 00 00 00 00 00 00 00 00
0x20001dc0: 00 00 00 00 00 00 00 00 00 00 00 00 00 00 00 00 00 00 00 00 00 00 00 00 00 00 00 00 00 00 00 00
0x20001de0: 00 00 00 00 00 00 00 00 00 00 00 00 00 00 00 00 00 00 00 00 00 00 00 00 00 00 00 00 00 00 00 00
0x20001e00: 00 00 00 00 00 00 00 00 00 00 00 00 00 00 00 00 00 00 01 00 00 00 00 00 00 00 00 00 00 00 00 00
0x20001e20: 00 00 00 00 00 00 00 00 00 00 00 00 00 00 00 00 00 00 00 00 00 00 00 00 00 00 00 00 00 00 00 00
0x20001e40: 00 00 00 00 00 00 00 00 00 00 00 00 00 00 00 00 00 00 00 00 00 00 00 00 00 00 00 00 00 00 00 00
0x20001e60: 00 00 00 00 00 00 00 00 00 00 00 00 00 00 00 00 00 00 00 00 00 00 00 00 00 00 00 00 00 00 00 00
0x20001e80: 00 00 00 00 00 00 00 00 00 00 00 00 00 00 00 00 00 00 00 00 00 00 00 00 00 00 00 00 00 00 00 00
0x20001ea0: 00 00 00 00 00 00 00 00 00 00 00 00 00 00 00 00 00 00 00 00 00 00 00 00 00 00 00 00 00 00 00 00
0x20001ec0: 00 00 00 00 00 00 00 00 00 00 00 00 00 00 00 00 00 00 00 00 00 00 00 00 00 00 00 00 00 00 00 00
0x20001ee0: 00 00 00 00 00 00 00 00 00 00 00 00 00 00 00 00 00 00 00 00 00 00 00 00 00 00 00 00 00 00 00 00
0x20001f00: 00 00 00 00 00 00 00 00 00 00 00 00 00 00 00 00 00 00 00 00 00 00 00 00 00 00 00 00 00 00 00 00
0x20001f20: 00 00 00 00 00 00 00 00 00 00 00 00 00 00 00 00 00 00 00 00 00 00 00 00 00 00 00 00 00 00 00 00
0x20001f40: 00 00 00 00 00 00 00 00 00 00 00 00 00 00 00 00 00 00 00 00 00 00 00 00 00 00 00 00 00 00 00 00
0x20001f60: 00 00 00 00 00 00 00 00 00 00 00 00 00 00 00 00 00 00 00 00 00 00 00 00 00 00 00 00 00 00 00 00
0x20001f80: 00 00 00 00 00 00 00 00 00 00 00 00 00 00 00 00 00 00 00 00 00 00 00 00 00 00 00 00 00 00 00 00
0x20001fa0: 00 00 00 00 00 00 00 00 00 00 00 00 00 00 00 00 00 00 00 00 00 00 00 00 00 00 00 00 00 00 00 00
0x20001fc0: 00 00 00 00 00 00 00 00 00 00 00 00 00 00 00 00 00 00 00 00 00 00 00 00 00 00 00 00 00 00 00 00
0x20001fe0: 00 00 00 00 00 00 00 00 00 00 00 00 00 00 00 00 00 00 00 00 00 00 00 00 00 00 00 00 00 00 00 00
0x20002000: 00 00 00 00 00 00 00 00 00 00 00 00 00 00 00 00 00 00 00 00 00 00 00 00 00 00 00 00 00 00 00 00
0x20002020: 00 00 00 00 00 00 00 00 00 00 00 00 00 00 00 00 00 00 00 00 00 00 00 00 00 00 00 00 00 00 00 00
0x20002040: 00 00 00 00 00 00 00 00 00 00 00 00 00 00 00 00 00 00 00 00 00 00 00 00 00 00 00 00 00 00 00 00
0x20002060: 00 00 00 00 00 00 00 00 00 00 00 00 00 00 00 00 00 00 00 00 00 00 00 00 00 00 00 00 00 00 00 00
0x20002080: 00 00 00 00 00 00 00 00 00 00 00 00 00 00 00 00 00 00 00 00 00 00 00 00 00 00 00 00 00 00 00 00
0x200020a0: 00 00 00 00 00 00 00 00 00 00 00 00 00 00 00 00 00 00 00 00 00 00 00 00 00 00 00 00 00 00 00 00
0x200020c0: 00 00 00 00 00 00 00 00 00 00 00 00 00 00 00 00 00 00 00 00 00 00 00 00 a0 07 00 00 00 00 00 00
0x200020e0: 00 00 00 00 00 00 00 00 00 00 00 00 00 00 07 07 00 00 00 45 30 30 30 30 37 34 34 33 31 38 36 30
0x20002100: 35 31 37 33 37 35 34 00 00 00 00 00 00 02 00 00 00 00 00 00 00 00 00 00 00 00 00 00 00 00 00 00
0x20002120: 00 00 00 00 00 00 00 00 00 00 00 00 00 00 00 00 00 00 00 00 00 00 00 00 00 00 00 00 00 00 00 00
0x20002140: 00 00 00 00 00 00 00 00 00 00 00 00 00 00 00 00 00 00 00 00 00 00 00 00 00 00 00 00 00 00 00 00
0x20002160: 00 00 00 00 00 00 00 00 00 00 00 00 00 00 00 00 00 00 00 00 00 00 00 00 00 00 00 00 00 00 00 00
0x20002180: 00 00 00 00 00 00 00 00 00 00 00 00 00 00 00 00 00 00 00 00 00 00 00 00 00 00 00 00 00 00 00 00
0x200021a0: 00 00 00 00 00 00 00 00 00 00 00 00 00 00 00 00 00 00 00 00 00 00 00 00 00 00 00 00 00 00 00 00
0x200021c0: 00 00 00 00 00 00 00 00 00 00 00 00 00 00 00 00 00 00 00 00 00 00 00 00 00 00 00 00 00 00 00 00
0x200021e0: 00 00 00 00 00 00 00 00 00 00 00 00 00 00 00 00 00 00 00 00 00 00 00 00 00 00 00 00 00 00 00 00
0x20002200: 00 00 00 00 00 00 00 00 00 00 00 00 00 00 00 00 00 00 00 00 00 00 00 00 00 00 00 00 00 00 00 00
0x20002220: 00 00 00 00 00 00 00 00 00 00 00 00 00 00 00 00 00 00 00 00 00 00 00 00 00 00 00 00 00 00 00 00
0x20002240: 00 00 00 00 00 00 00 00 00 00 00 00 00 00 00 00 00 00 00 00 00 00 00 00 00 00 00 00 00 00 00 00
0x20002260: 00 00 00 00 00 00 00 00 00 00 00 00 00 00 00 00 00 00 00 00 00 00 00 00 00 00 00 00 00 00 00 00
0x20002280: 00 00 00 00 00 00 00 00 00 00 00 00 00 00 00 00 00 00 00 00 00 00 00 00 00 00 00 00 00 00 00 00
0x200022a0: 00 00 00 00 00 00 00 00 00 00 00 00 00 00 00 00 00 00 00 00 00 00 00 00 00 00 00 00 00 00 00 00
0x200022c0: 00 00 00 00 00 00 00 00 00 00 00 00 00 00 00 00 00 00 00 00 00 00 00 00 00 00 00 00 00 00 00 00
0x200022e0: 00 00 00 00 00 00 00 00 00 00 00 00 00 00 00 00 00 00 00 00 00 00 00 00 00 00 00 00 00 00 00 00
0x20002300: 00 00 00 00 00 00 00 00 00 00 00 00 00 00 00 00 00 00 00 00 71 89 01 08 28 23 00 00 00 00 00 00
0x20002320: 00 00 00 00 28 23 00 00 64 00 00 00 64 00 00 00 00 01 00 00 25 87 01 08 50 46 00 00 00 00 00 00
0x20002340: 00 00 00 00 50 46 00 00 64 00 00 00 64 00 00 00 00 01 00 00 d5 43 00 08 28 23 00 00 00 00 00 00
0x20002360: 00 00 00 00 28 23 00 00 64 00 00 00 64 00 00 00 00 01 00 00 00 00 00 00 00 00 00 00 30 00 00 00
0x20002380: 00 00 00 00 00 00 00 00 00 00 00 00 00 00 00 00 00 00 00 00 00 00 00 02 00 00 00 00 00 00 00 00
0x200023a0: 00 00 00 00 00 00 00 00 80 23 00 20 30 00 00 00 00 00 00 00 00 00 00 00 00 00 00 00 00 00 00 00
0x200023c0: 00 00 00 00 00 00 00 00 00 00 00 00 00 00 00 00 00 00 00 00 00 00 00 00 00 00 00 00 98 03 00 00
0x200023e0: 00 00 00 00 00 00 00 00 00 00 00 00 00 00 00 00 00 00 00 00 00 00 00 00 00 00 00 00 00 00 00 00
0x20002400: 00 00 00 00 00 00 00 00 00 00 00 00 00 00 00 00 00 00 00 00 00 00 00 00 00 00 00 00 00 00 00 00
0x20002420: 00 00 00 00 00 00 00 00 00 00 00 00 00 00 00 00 00 00 00 00 00 00 00 00 00 00 00 00 00 00 00 00
0x20002440: 00 00 00 00 00 00 00 00 00 00 00 00 00 00 00 00 00 00 00 00 00 00 00 00 00 00 00 00 00 00 00 00
0x20002460: 00 00 00 00 00 00 00 00 00 00 00 00 00 00 00 00 00 00 00 00 00 00 00 00 00 00 00 00 00 00 00 00
0x20002480: 00 00 00 00 00 00 00 00 00 00 00 00 00 00 00 00 00 00 00 00 00 00 00 00 00 00 00 00 00 00 00 00
0x200024a0: 00 00 00 00 00 00 00 00 00 00 00 00 00 00 00 00 00 00 00 00 00 00 00 00 00 00 00 00 00 00 00 00
0x200024c0: 00 00 00 00 00 00 00 00 00 00 00 00 00 00 00 00 00 00 00 00 00 00 00 00 00 00 00 00 00 00 00 00
0x200024e0: 00 00 00 00 00 00 00 00 00 00 00 00 00 00 00 00 00 00 00 00 00 00 00 00 00 00 00 00 00 00 00 00
0x20002500: 00 00 00 00 00 00 00 00 00 00 00 00 00 00 00 00 00 00 00 00 00 00 00 00 00 00 00 00 00 00 00 00
0x20002520: 00 00 00 00 00 00 00 00 00 00 00 00 00 00 00 00 00 00 00 00 00 00 00 00 00 00 00 00 00 00 00 00
0x20002540: 00 00 00 00 00 00 00 00 00 00 00 00 00 00 00 00 00 00 00 00 00 00 00 00 00 00 00 00 00 00 00 00
0x20002560: 00 00 00 00 00 00 00 00 00 00 00 00 00 00 00 00 00 00 00 00 00 00 00 00 00 00 00 00 00 00 00 00
0x20002580: 00 00 00 00 00 00 00 00 00 00 00 00 00 00 00 00 00 00 00 00 00 00 00 00 00 00 00 00 00 00 00 00
0x200025a0: 00 00 00 00 00 00 00 00 00 00 00 00 00 00 00 00 00 00 00 00 00 00 00 00 00 00 00 00 00 00 00 00
0x200025c0: 00 00 00 00 00 00 00 00 00 00 00 00 00 00 00 00 00 00 00 00 00 00 00 00 00 00 00 00 00 00 00 00
0x200025e0: 00 00 00 00 00 00 00 00 00 00 00 00 00 00 00 00 00 00 00 00 00 00 00 00 00 00 00 00 00 00 00 00
0x20002600: 00 00 00 00 00 00 00 00 00 00 00 00 00 00 00 00 00 00 00 00 00 00 00 00 00 00 00 00 00 00 00 00
0x20002620: 00 00 00 00 00 00 00 00 00 00 00 00 00 00 00 00 00 00 00 00 00 00 00 00 00 00 00 00 00 00 00 00
0x20002640: 00 00 00 00 00 00 00 00 00 00 00 00 00 00 00 00 00 00 00 00 00 00 00 00 00 00 00 00 00 00 00 00
0x20002660: 00 00 00 00 00 00 00 00 00 00 00 00 00 00 00 00 00 00 00 00 00 00 00 00 00 00 00 00 00 00 00 00
0x20002680: 00 00 00 00 00 00 00 00 00 00 00 00 00 00 00 00 00 00 00 00 00 00 00 00 00 00 00 00 00 00 00 00
0x200026a0: 00 00 00 00 00 00 00 00 00 00 00 00 00 00 00 00 00 00 00 00 00 00 00 00 00 00 00 00 00 00 00 00
0x200026c0: 00 00 00 00 00 00 00 00 00 00 00 00 00 00 00 00 00 00 00 00 00 00 00 00 00 00 00 00 00 00 00 00
0x200026e0: 00 00 00 00 00 00 00 00 00 00 00 00 00 00 00 00 00 00 00 00 00 00 00 00 00 00 00 00 00 00 00 00
0x20002700: 00 00 00 00 00 00 00 00 00 00 00 00 00 00 00 00 00 00 00 00 00 00 00 00 00 00 00 00 00 00 00 00
0x20002720: 00 00 00 00 00 00 00 00 00 00 00 00 00 00 00 00 00 00 00 00 00 00 00 00 00 00 00 00 00 00 00 00
0x20002740: 00 00 00 00 00 00 00 00 00 00 00 00 00 00 00 00 00 00 00 00 00 00 00 00 00 00 00 00 00 00 00 00
0x20002760: 00 00 00 00 00 00 00 00 00 00 00 00 00 00 00 00 00 00 00 00 00 00 00 00 00 00 00 00 00 00 00 00
0x20002780: 00 00 00 00 00 00 00 00 00 00 00 00 00 00 00 00 00 00 00 00 00 00 00 00 00 00 00 00 00 00 00 00
0x200027a0: 00 00 00 00 00 00 00 00 00 00 00 00 00 00 00 00 00 00 00 00 00 00 00 00 00 00 00 00 00 00 00 00
0x200027c0: 00 00 00 00 00 00 00 00 00 00 00 00 00 00 00 00 00 00 00 00 00 00 00 00 00 00 00 00 00 00 00 00
0x200027e0: 00 00 00 00 00 00 00 00 00 00 00 00 00 00 00 00 00 00 00 00 00 00 00 00 00 00 00 00 00 00 00 00
0x20002800: 00 00 00 00 00 00 00 00 00 00 00 00 00 00 00 00 00 00 00 00 00 00 00 00 00 00 00 00 00 00 00 00
0x20002820: 00 00 00 00 00 00 00 00 00 00 00 00 00 00 00 00 00 00 00 00 00 00 00 00 00 00 00 00 00 00 00 00
0x20002840: 00 00 00 00 00 00 00 00 00 00 00 00 00 00 00 00 00 00 00 00 00 00 00 00 00 00 00 00 00 00 00 00
0x20002860: 00 00 00 00 00 00 00 00 00 00 00 00 00 00 00 00 00 00 00 00 00 00 00 00 00 00 00 00 00 00 00 00
0x20002880: 00 00 00 00 00 00 00 00 00 00 00 00 00 00 00 00 00 00 00 00 00 00 00 00 00 00 00 00 00 00 00 00
0x200028a0: 00 00 00 00 00 00 00 00 00 00 00 00 00 00 00 00 00 00 00 00 00 00 00 00 00 00 00 00 00 00 00 00
0x200028c0: 00 00 00 00 00 00 00 00 00 00 00 00 00 00 00 00 00 00 00 00 00 00 00 00 00 00 00 00 00 00 00 00
0x200028e0: 00 00 00 00 00 00 00 00 00 00 00 00 00 00 00 00 00 00 00 00 00 00 00 00 00 00 00 00 00 00 00 00
0x20002900: 00 00 00 00 00 00 00 00 00 00 00 00 00 00 00 00 00 00 00 00 00 00 00 00 00 00 00 00 00 00 00 00
0x20002920: 00 00 00 00 00 00 00 00 00 00 00 00 00 00 00 00 00 00 00 00 00 00 00 00 00 00 00 00 00 00 00 00
0x20002940: 00 00 00 00 00 00 00 00 00 00 00 00 00 00 00 00 00 00 00 00 00 00 00 00 00 00 00 00 00 00 00 00
0x20002960: 00 00 00 00 00 00 00 00 00 00 00 00 00 00 00 00 00 00 00 00 00 00 00 00 00 00 00 00 00 00 00 00
0x20002980: 00 00 00 00 00 00 00 00 00 00 00 00 00 00 00 00 00 00 00 00 00 00 00 00 00 00 00 00 00 00 00 00
0x200029a0: 00 00 00 00 00 00 00 00 00 00 00 00 00 00 00 00 00 00 00 00 00 00 00 00 00 00 00 00 00 00 00 00
0x200029c0: 00 00 00 00 00 00 00 00 00 00 00 00 00 00 00 00 00 00 00 00 00 00 00 00 00 00 00 00 00 00 00 00
0x200029e0: 00 00 00 00 00 00 00 00 00 00 00 00 00 00 00 00 00 00 00 00 00 00 00 00 00 00 00 00 00 00 00 00
0x20002a00: 00 00 00 00 00 00 00 00 00 00 00 00 00 00 00 00 00 00 00 00 00 00 00 00 00 00 00 00 00 00 00 00
0x20002a20: 00 00 00 00 00 00 00 00 00 00 00 00 00 00 00 00 00 00 00 00 00 00 00 00 00 00 00 00 00 00 00 00
0x20002a40: 00 00 00 00 00 00 00 00 00 00 00 00 00 00 00 00 00 00 00 00 00 00 00 00 00 00 00 00 00 00 00 00
0x20002a60: 00 00 00 00 00 00 00 00 00 00 00 00 00 00 00 00 00 00 00 00 00 00 00 00 00 00 00 00 00 00 00 00
0x20002a80: 00 00 00 00 00 00 00 00 00 00 00 00 00 00 00 00 00 00 00 00 00 00 00 00 00 00 00 00 00 00 00 00
0x20002aa0: 00 00 00 00 00 00 00 00 00 00 00 00 00 00 00 00 00 00 00 00 00 00 00 00 00 00 00 00 00 00 00 00
0x20002ac0: 00 00 00 00 00 00 00 00 00 00 00 00 00 00 00 00 00 00 00 00 00 00 00 00 00 00 00 00 00 00 00 00
0x20002ae0: 00 00 00 00 00 00 00 00 00 00 00 00 00 00 00 00 00 00 00 00 00 00 00 00 00 00 00 00 00 00 00 00
0x20002b00: 00 00 00 00 00 00 00 00 00 00 00 00 00 00 00 00 00 00 00 00 00 00 00 00 00 00 00 00 00 00 00 00
0x20002b20: 00 00 00 00 00 00 00 00 00 00 00 00 00 00 00 00 00 00 00 00 00 00 00 00 00 00 00 00 00 00 00 00
0x20002b40: 00 00 00 00 00 00 00 00 00 00 00 00 00 00 00 00 00 00 00 00 00 00 00 00 00 00 00 00 00 00 00 00
0x20002b60: 00 00 00 00 00 00 00 00 00 00 00 00 00 00 00 00 00 00 00 00 00 00 00 00 00 00 00 00 00 00 00 00
0x20002b80: 00 00 00 00 00 00 00 00 00 00 00 00 00 00 00 00 00 00 00 00 00 00 00 00 00 00 00 00 00 00 00 00
0x20002ba0: 00 00 00 00 00 00 00 00 00 00 00 00 00 00 00 00 00 00 00 00 00 00 00 00 00 00 00 00 00 00 00 00
0x20002bc0: 00 00 00 00 00 00 00 00 00 00 00 00 00 00 00 00 00 00 00 00 00 00 00 00 00 00 00 00 00 00 00 00
0x20002be0: 00 00 00 00 00 00 00 00 00 00 00 00 00 00 00 00 00 00 00 00 00 00 00 00 00 00 00 00 00 00 00 00
0x20002c00: 00 00 00 00 00 00 00 00 00 00 00 00 00 00 00 00 00 00 00 00 00 00 00 00 00 00 00 00 00 00 00 00
0x20002c20: 00 00 00 00 00 00 00 00 00 00 00 00 00 00 00 00 00 00 00 00 00 00 00 00 00 00 00 00 00 00 00 00
0x20002c40: 00 00 00 00 00 00 00 00 00 00 00 00 00 00 00 00 00 00 00 00 00 00 00 00 00 00 00 00 00 00 00 00
0x20002c60: 00 00 00 00 00 00 00 00 00 00 00 00 00 00 00 00 00 00 00 00 00 00 00 00 00 00 00 00 00 00 00 00
0x20002c80: 00 00 00 00 00 00 00 00 00 00 00 00 00 00 00 00 00 00 00 00 00 00 00 00 00 00 00 00 00 00 00 00
0x20002ca0: 00 00 00 00 00 00 00 00 00 00 00 00 00 00 00 00 00 00 00 00 00 00 00 00 00 00 00 00 00 00 00 00
0x20002cc0: 00 00 00 00 00 00 00 00 00 00 00 00 00 00 00 00 00 00 00 00 00 00 00 00 00 00 00 00 00 00 00 00
0x20002ce0: 00 00 00 00 00 00 00 00 00 00 00 00 00 00 00 00 00 00 00 00 00 00 00 00 00 00 00 00 00 00 00 00
0x20002d00: 00 00 00 00 00 00 00 00 00 00 00 00 00 00 00 00 00 00 00 00 00 00 00 00 00 00 00 00 00 00 00 00
0x20002d20: 00 00 00 00 00 00 00 00 00 00 00 00 00 00 00 00 00 00 00 00 00 00 00 00 00 00 00 00 00 00 00 00
0x20002d40: 00 00 00 00 00 00 00 00 00 00 00 00 00 00 00 00 00 00 00 00 00 00 00 00 00 00 00 00 00 00 00 00
0x20002d60: 00 00 00 00 00 00 00 00 00 00 00 00 00 00 00 00 00 00 00 00 00 00 00 00 00 00 00 00 00 00 00 00
0x20002d80: 00 00 00 00 00 00 00 00 00 00 00 00 00 00 00 00 00 00 00 00 00 00 00 00 00 00 00 00 00 00 00 00
0x20002da0: 00 00 00 00 00 00 00 00 00 00 00 00 00 00 00 00 00 00 00 00 00 00 00 00 00 00 00 00 00 00 00 00
0x20002dc0: 00 00 00 00 00 00 00 00 00 00 00 00 00 00 00 00 00 00 00 00 00 00 00 00 00 00 00 00 00 00 00 00
0x20002de0: 00 00 00 00 00 00 00 00 00 00 00 00 00 00 00 00 00 00 00 00 00 00 00 00 00 00 00 00 00 00 00 00
0x20002e00: 00 00 00 00 00 00 00 00 00 00 00 00 00 00 00 00 00 00 00 00 00 00 00 00 00 00 00 00 00 00 00 00
0x20002e20: 00 00 00 00 00 00 00 00 00 00 00 00 00 00 00 00 00 00 00 00 00 00 00 00 00 00 00 00 00 00 00 00
0x20002e40: 00 00 00 00 00 00 00 00 00 00 00 00 00 00 00 00 00 00 00 00 00 00 00 00 00 00 00 00 00 00 00 00
0x20002e60: 00 00 00 00 00 00 00 00 00 00 00 00 00 00 00 00 00 00 00 00 00 00 00 00 00 00 00 00 00 00 00 00
0x20002e80: 00 00 00 00 00 00 00 00 00 00 00 00 00 00 00 00 00 00 00 00 00 00 00 00 00 00 00 00 00 00 00 00
0x20002ea0: 00 00 00 00 00 00 00 00 00 00 00 00 00 00 00 00 00 00 00 00 00 00 00 00 00 00 00 00 00 00 00 00
0x20002ec0: 00 00 00 00 00 00 00 00 00 00 00 00 00 00 00 00 00 00 00 00 00 00 00 00 00 00 00 00 00 00 00 00
0x20002ee0: 00 00 00 00 00 00 00 00 00 00 00 00 00 00 00 00 00 00 00 00 00 00 00 00 00 00 00 00 00 00 00 00
0x20002f00: 00 00 00 00 00 00 00 00 00 00 00 00 00 00 00 00 00 00 00 00 00 00 00 00 00 00 00 00 00 00 00 00
0x20002f20: 00 00 00 00 00 00 00 00 00 00 00 00 00 00 00 00 00 00 00 00 00 00 00 00 00 00 00 00 00 00 00 00
0x20002f40: 00 00 00 00 00 00 00 00 00 00 00 00 00 00 00 00 00 00 00 00 00 00 00 00 00 00 00 00 00 00 00 00
0x20002f60: 00 00 00 00 00 00 00 00 00 00 00 00 00 00 00 00 00 00 00 00 00 00 00 00 00 00 00 00 00 00 00 00
0x20002f80: 00 00 00 00 00 00 00 00 00 00 00 00 00 00 00 00 00 00 00 00 00 00 00 00 00 00 00 00 00 00 00 00
0x20002fa0: 00 00 00 00 00 00 00 00 00 00 00 00 00 00 00 00 00 00 00 00 00 00 00 00 00 00 00 00 00 00 00 00
0x20002fc0: 00 00 00 00 00 00 00 00 00 00 00 00 00 00 00 00 00 00 00 00 00 00 00 00 00 00 00 00 00 00 00 00
0x20002fe0: 00 00 00 00 00 00 00 00 00 00 00 00 00 00 00 00 00 00 00 00 00 00 00 00 00 00 00 00 00 00 00 00
0x20003000: 00 00 00 00 00 00 00 00 00 00 00 00 00 00 00 00 00 00 00 00 00 00 00 00 00 00 00 00 00 00 00 00
0x20003020: 00 00 00 00 00 00 00 00 00 00 00 00 00 00 00 00 00 00 00 00 00 00 00 00 00 00 00 00 00 00 00 00
0x20003040: 00 00 00 00 00 00 00 00 00 00 00 00 00 00 00 00 00 00 00 00 00 00 00 00 00 00 00 00 00 00 00 00
0x20003060: 00 00 00 00 00 00 00 00 00 00 00 00 00 00 00 00 00 00 00 00 00 00 00 00 00 00 00 00 00 00 00 00
0x20003080: 00 00 00 00 00 00 00 00 00 00 00 00 00 00 00 00 00 00 00 00 00 00 00 00 00 00 00 00 00 00 00 00
0x200030a0: 00 00 00 00 00 00 00 00 00 00 00 00 00 00 00 00 00 00 00 00 00 00 00 00 00 00 00 00 00 00 00 00
0x200030c0: 00 00 00 00 00 00 00 00 00 00 00 00 00 00 00 00 00 00 00 00 00 00 00 00 00 00 00 00 00 00 00 00
0x200030e0: 00 00 00 00 00 00 00 00 00 00 00 00 00 00 00 00 00 00 00 00 00 00 00 00 00 00 00 00 00 00 00 00
0x20003100: 00 00 00 00 00 00 00 00 00 00 00 00 00 00 00 00 00 00 00 00 00 00 00 00 00 00 00 00 00 00 00 00
0x20003120: 00 00 00 00 00 00 00 00 00 00 00 00 00 00 00 00 00 00 00 00 00 00 00 00 00 00 00 00 00 00 00 00
0x20003140: 00 00 00 00 00 00 00 00 30 09 00 20 a9 0b 00 08 7c 09 00 20 00 00 00 00 1a 00 00 00 91 78 00 08
0x20003160: 07 00 00 00 bf 01 01 08 07 00 00 00 f9 ff ff ff f0 00 00 00 6f 00 00 00 07 00 00 00 de 00 00 00
0x20003180: ff ff ff ff 73 78 01 08 ac 82 01 08 00 00 00 01 a4 31 00 20 73 78 01 08 19 00 00 00 88 34 00 20
0x200031a0: ad 74 01 08 1f 00 00 00 1f 00 00 00 a1 34 00 20 ff 8e 01 08 e3 33 01 08 19 0a 00 00 60 46 42 00
0x200031c0: 00 3c 63 74 6c 20 74 64 3d 27 53 63 68 65 64 32 27 3e 3c 2f 63 74 6c 3e 00 19 0a 00 00 00 00 00
0x200031e0: 00 00 00 00 00 00 00 00 00 00 00 00 00 00 00 00 00 00 00 00 00 00 00 00 00 00 00 00 00 00 00 00
0x20003200: 00 00 00 00 00 00 00 00 00 00 00 00 00 00 00 00 00 00 00 00 00 00 00 00 00 00 00 00 00 00 00 00
0x20003220: 00 00 00 00 00 00 00 00 00 00 00 00 00 00 00 00 00 00 00 00 00 00 00 00 00 00 00 00 00 00 00 00
0x20003240: 00 00 00 00 00 00 00 00 00 00 00 00 00 00 00 00 00 00 00 00 00 00 00 00 00 00 00 00 00 00 00 00
0x20003260: 00 00 00 00 00 00 00 00 00 00 00 00 00 00 00 00 00 00 00 00 00 00 00 00 00 00 00 00 00 00 00 00
0x20003280: 00 00 00 00 00 00 00 00 00 00 00 00 00 00 00 00 00 00 00 00 00 00 00 00 00 00 00 00 00 00 00 00
0x200032a0: 00 00 00 00 00 00 00 00 00 00 00 00 00 00 00 00 00 00 00 00 00 00 00 00 00 00 00 00 00 00 00 00
0x200032c0: 00 00 00 00 00 00 00 00 00 00 00 00 00 00 00 00 00 00 00 00 00 00 00 00 00 00 00 00 00 00 00 00
0x200032e0: 00 00 00 00 00 00 00 00 00 00 00 00 00 00 00 00 00 00 00 00 00 00 00 00 00 00 00 00 00 00 00 00
0x20003300: 00 00 00 00 00 00 00 00 00 00 00 00 00 00 00 00 00 00 00 00 00 00 00 00 00 00 00 00 00 00 00 00
0x20003320: 00 00 00 00 00 00 00 00 00 00 00 00 00 00 00 00 00 00 00 00 00 00 00 00 00 00 00 00 00 00 00 00
0x20003340: 00 00 00 00 00 00 00 00 00 00 00 00 00 00 00 00 00 00 00 00 00 00 00 00 00 00 00 00 00 00 00 00
0x20003360: 00 00 00 00 00 00 00 00 00 00 00 00 00 00 00 00 00 00 00 00 00 00 00 00 00 00 00 00 00 00 00 00
0x20003380: 00 00 00 00 00 00 00 00 00 00 00 00 00 00 00 00 00 00 00 00 33 01 00 08 30 09 00 20 7c 09 00 20
0x200033a0: 7c 09 00 20 01 00 00 00 7c 09 00 20 23 00 00 00 e8 07 00 20 bf 01 01 08 e8 07 00 20 f1 ff ff ff
0x200033c0: 00 00 00 00 08 00 00 00 80 02 00 00 e8 03 00 00 00 00 00 00 e9 38 01 08 58 08 00 20 33 79 00 08
0x200033e0: f4 a5 01 08 01 00 00 00 f4 a5 01 08 bf 01 01 08 f4 a5 01 08 bf 01 01 08 f4 a5 01 08 f9 ff ff ff
0x20003400: 00 00 00 00 00 00 00 00 80 02 00 00 e8 03 00 00 00 00 00 00 77 85 01 08 f4 a5 01 08 5f 56 01 08
0x20003420: 00 00 00 00 00 00 00 00 00 00 00 00 00 00 00 00 00 00 00 00 00 00 00 00 00 00 00 00 00 00 00 00
0x20003440: 00 00 00 00 00 00 00 00 fc 8e 01 08 00 00 00 00 00 00 00 00 00 00 00 00 01 00 00 00 88 34 00 20
0x20003460: 19 00 00 00 00 00 00 00 d3 8e 01 08 1a 00 00 00 19 00 00 00 06 00 00 00 00 00 00 00 5b a1 01 08
0x20003480: 25 00 00 00 c4 69 00 08 ad 74 01 08 2b 00 00 00 2b 00 00 00 e9 69 00 08 03 8f 01 08 e3 33 01 08
0x200034a0: 5b 0a 00 00 60 46 43 3c 63 74 6c 20 69 64 3d 27 72 61 64 6f 6d 6e 75 6d 27 20 74 64 3d 27 47 65
0x200034c0: 74 57 49 46 49 53 74 61 74 27 2f 3e 00 5b 0a 00 00 00 00 00 00 00 00 00 00 00 00 00 00 a2 00 00
0x200034e0: 00 00 00 00 bf 7a 00 08 00 e8 01 08 00 a2 00 00 01 00 00 00 00 00 00 00 00 00 00 00 00 a2 00 00
0x20003500: e8 07 00 20 bf 01 01 08 e8 07 00 20 f1 ff ff ff b0 00 60 00 20 00 00 00 80 02 00 00 00 00 00 00
0x20003520: 03 00 00 00 e9 38 01 08 e8 07 00 20 43 a0 00 08 f4 a5 01 08 01 00 00 00 f4 a5 01 08 bf 01 01 08
0x20003540: f4 a5 01 08 f9 ff ff ff 00 00 00 00 03 00 00 00 80 02 00 00 0a 00 00 00 00 00 00 00 77 85 01 08
0x20003560: f8 45 01 08 00 00 00 61 ff ff ff ff ff ff ff ff ff ff ff ff ff ff ff ff ff ff ff ff ff ff ff ff
0x20003580: ff ff ff ff ff ff ff ff ff ff ff ff ff ff ff ff ff ff ff ff ff ff ff ff ff ff ff ff ff ff ff ff
0x200035a0: ff ff ff ff ff ff ff ff ff ff ff ff ff ff ff ff ff ff ff ff ff ff ff ff ff ff ff ff ff ff ff ff
0x200035c0: ff ff ff ff ff ff ff ff ff ff ff ff ff ff ff ff 30 09 00 20 a9 0b 00 08 e8 07 00 20 43 a0 00 08
0x200035e0: f4 a5 01 08 01 00 00 00 f4 a5 01 08 bf 01 01 08 f4 a5 01 08 f9 ff ff ff 00 00 00 00 03 00 00 00
0x20003600: 80 02 00 00 e8 03 00 00 00 00 00 00 1d 56 01 08 4c 47 01 08 00 02 00 61 40 00 00 00 00 00 00 00
0x20003620: 0a 00 00 00 e8 07 00 20 61 36 00 20 01 00 00 00 0c 37 00 20 c7 a1 00 08 00 00 00 00 e8 07 00 20
0x20003640: e8 07 00 20 bf 01 01 08 e8 07 00 20 f9 ff ff ff 36 59 1c 00 40 00 00 00 00 00 00 00 0a 00 00 00
0x20003660: 00 00 00 00 f7 37 01 08 f6 37 01 08 00 00 00 21 ff ff ff ff e8 07 00 20 40 00 00 00 00 00 00 00
0x20003680: 0a 00 00 00 e8 07 00 20 c1 36 00 20 01 00 00 00 48 37 00 20 c7 a1 00 08 00 00 00 00 e8 07 00 20
0x200036a0: c0 36 00 20 01 00 00 00 0a 00 00 00 c4 04 00 20 e1 e0 00 08 07 00 00 00 48 37 00 20 0d 7b 01 08
0x200036c0: 0a 00 00 00 c4 04 00 20 00 00 00 00 13 70 01 08 fc ff ff ff 00 00 00 00 ff ff ff ff ff ff ff ff
0x200036e0: 00 00 00 00 00 00 00 00 00 00 00 00 00 00 00 00 19 00 00 00 3c 00 00 00 00 00 00 00 33 01 00 08
0x20003700: 00 01 00 08 00 02 00 81 35 34 33 39 00 00 00 00 00 00 00 00 33 01 00 08 f4 a5 01 08 01 00 00 00
0x20003720: f4 a5 01 08 79 47 00 08 e8 03 00 00 00 00 00 00 00 10 00 00 f4 a5 01 08 01 00 00 00 f4 a5 01 08
0x20003740: ff ff ff ff c1 e2 00 08 f4 a5 01 08 bf 01 01 08 f4 a5 01 08 00 00 00 00 00 00 00 00 f4 a5 01 08
0x20003760: 01 00 00 00 f4 a5 01 08 ff ff ff ff 37 f5 00 08 f4 a5 01 08 db 85 01 08 ae 5c 3c c9 4f 37 0c 8d
0x20003780: e8 05 aa 7c d5 22 71 db 1f 50 df e4 2c 72 6a 45 2b d0 ee e1 f4 b2 dd c3 57 ee 75 ee e6 13 a0 9f
0x200037a0: f5 b1 b1 2e 31 75 a2 4c 9f f9 e7 67 07 91 f2 6f d5 2b 75 63 98 5b 08 f7 3e d5 bb 43 95 ef 51 e9
0x200037c0: 09 dc 8b 17 15 ef 97 aa 7d 86 df 2f 0b 07 ea b6 3c ce aa 01 05 8c d8 9f 26 8d 87 ac 24 09 aa 7d
0x200037e0: 02 a6 61 2a b8 f1 2f b3 bf 75 3f 53 ee b8 51 fa 9d 10 47 62 9d 16 66 5b e2 5f 28 5f 51 2f 11 9a
0x20003800: 0b 64 bb d7 b7 32 b9 fd 5c d7 e1 2a ae 41 8a 50 58 f5 a2 ad f5 ab 14 b9 dc 15 51 ab 81 94 1b 79
0x20003820: 15 a3 65 62 b6 55 64 71 18 ed dd 44 14 a0 c5 56 38 69 d1 6e ab 55 01 57 aa e0 bc 1d 8f 2e d0 1a
0x20003840: a7 cd ee 55 15 ca c5 2e 50 3f 7e 8a e8 05 e6 08 3f 0c ea 05 05 38 d7 ae 95 fa 37 2e 92 58 27 0c
0x20003860: 33 9a c1 eb bf d5 6a 4b 70 c4 82 24 31 8a b2 a2 d5 a6 85 af 1a 75 83 c5 fa 59 aa 17 05 6b 90 c4
0x20003880: ea 64 b3 03 d2 a2 da 2e 0b eb 37 2a 8a 66 9f 3b 28 da b4 52 85 9e 34 db 77 a0 7d 87 93 07 20 15
0x200038a0: 51 6f 11 a2 ef 25 1b cd ec 85 b4 d6 e1 a7 3c c4 ec 27 31 c8 6a 09 f9 cb b3 15 ca 8d 47 42 07 09
0x200038c0: fb 44 c9 50 f9 ac ca ec 54 eb 09 fa 2b 5b 83 c5 c0 b5 3f 07 c5 a6 61 26 da a5 d9 ae 80 26 20 25
0x200038e0: 61 88 41 e3 aa 66 89 eb 2e 4f fa f5 2e e0 f1 e2 6c 07 b8 e0 2a 55 ea 71 e3 9d f8 7d 60 1d 7d 32
0x20003900: 8a 50 ae d2 75 ab dd 87 f7 f2 35 a1 04 e3 9c 81 fc a0 23 6d d5 8a 37 fb 57 ae 39 e8 95 8b 21 7d
0x20003920: 90 a4 d5 84 ec c0 fa 8d 2f 48 16 53 44 b8 d0 bb 51 28 15 42 c1 2f 2d 47 bf 57 af 2e 9d 8b 25 2a
0x20003940: 23 49 89 61 65 2c 49 ab ed 26 73 b6 bf 54 66 6c e8 25 1a e4 d8 2f 1b ed dd 62 57 8a da 50 0a 1b
0x20003960: 56 44 5d 91 fa 57 9d 9d ea 1d 2a 40 30 0a 3d a8 63 0c 1a ae e9 7d 5a 4d cb 1c e6 5d 31 fc 47 0d
0x20003980: a2 f5 c0 7d fd a6 72 be 69 a9 97 24 60 55 02 94 2a 15 05 52 15 89 67 ba 1b fa f3 bf 03 d4 2e 32
0x200039a0: 4c 91 58 2e aa 54 e9 45 ae c1 83 d5 b4 4c 81 45 76 a2 dd 8a e3 e6 db a6 84 fb ff 5b 65 e2 95 aa
0x200039c0: a8 18 24 75 f6 2f 7f 3d 4b 9e 9f 3b 0a 25 0e 75 0a 57 9f 90 19 6f 57 b9 5b 88 17 2a 48 0d 2b 3f
0x200039e0: 79 aa 45 e3 2e f1 96 c7 0e f5 f4 5f 1d a9 d4 46 07 03 d4 df 8e 15 ce f7 ee 5c ba 77 8e 10 d7 26
0x20003a00: e8 56 cb 2f 67 e7 d5 ea 37 ab 05 1a 97 3c 81 2b 72 67 8f 83 56 ac 87 a3 7c aa e7 a9 65 64 86 84
0x20003a20: 3d 8a d1 08 bd 0c fb 2d 9f 57 ab 7b 17 a4 53 98 8b 52 69 7b aa 52 67 03 3e 15 ab af 65 82 a5 21
0x20003a40: 3b 2c a8 95 99 ae d3 b2 54 a3 cd 2b 88 64 89 33 8e 81 8c 65 85 b5 44 e6 95 fa dc ab 08 38 6e 5a
0x20003a60: 74 c8 06 1a e7 15 b0 dd af 1b d3 74 45 30 91 a8 e3 0e 47 7b c6 5c 67 5d 4a 59 3c 63 06 1d 54 6b
0x20003a80: ba 05 a8 f5 1a 23 fe ba 5f 20 ec eb cb 21 a2 71 78 15 e2 cd 24 3f de ee 7f 97 36 ae 0e 91 f2 fe
0x20003aa0: 99 a8 f5 8a 0f 55 ba 53 a8 d5 26 0f 9a d4 25 0b 41 8f 16 8a 57 57 2a 4f ff 95 aa e5 55 08 c0 ac
0x20003ac0: 8a 28 ae 03 da 7a 35 0b 01 89 5d b8 28 01 7c 45 25 10 12 25 51 82 f3 29 d1 83 6d aa 90 c5 b2 55
0x20003ae0: a1 aa 55 4d aa 13 8d 34 e2 70 04 79 20 52 06 28 25 69 d4 d2 af d4 aa fb 6a dc ae ed 25 94 7b 08
0x20003b00: 07 d5 a4 41 4d 8a c6 ad 56 3e 48 2b 48 3e 81 2d 62 5e a8 41 d2 56 6c 4a f7 ea 16 3a 51 c5 12 06
0x20003b20: 07 e0 15 ca 96 f3 3e 1b 23 d7 ea 45 42 3b 30 48 40 bb 48 23 20 d7 61 f1 33 73 4a 95 05 ba 74 80
0x20003b40: c8 54 89 16 dc f4 8b 3b 73 6a b7 ea 62 5c ba 70 55 79 84 4e 1c b7 c6 66 61 aa 46 86 28 67 42 0e
0x20003b60: 85 2c 6c a9 af bd 2b 89 bc df fc 3b d4 ae 64 3a 15 52 d6 f2 09 d0 b9 97 e2 d7 ab 76 13 6e 7f ee
0x20003b80: ce 06 c5 85 d5 a3 51 ce 54 5b d4 fe c0 2d 01 54 f0 5f a0 56 5c 7e 3f d2 17 a6 f5 8a 50 36 89 40
0x20003ba0: 53 a8 05 80 89 cd bc 2b 7b 5d bd fe 04 2a 51 6a 52 be 35 8e b6 15 ed d4 bb 57 2a 5c d2 3d 87 22
0x20003bc0: 2e 42 e0 15 25 38 d0 cd d7 14 7c bc aa 0c 94 50 9b 1f bc 40 1f 9c 7b 8f d3 bf 49 81 8a 05 ee 11
0x20003be0: 10 2b 38 0c 67 79 ea 1c fe d7 fe 55 55 8f f7 40 0d 86 4c 7d 61 c7 fa 7e a8 15 98 57 21 a3 9c 3a
0x20003c00: 83 e1 ab 13 5d 79 8d ef 90 3b c7 ec 22 53 08 6f 80 5d a0 61 fd ce 13 8a 71 c1 7f e9 77 ca 3a 11
0x20003c20: 1d ea 05 3b 6a 76 23 db 2a de 0b 5f 4f 3a 23 8b 45 8a c6 16 55 d7 c9 76 fe 55 aa 55 65 d5 17 26
0x20003c40: 2a 55 e2 69 13 da d7 ef 54 ab 95 6f 00 fd 1b 77 44 b2 80 41 11 aa 15 09 55 2e 35 ba 4c 4c 33 93
0x20003c60: 57 a8 55 b2 aa ad 7d bb f3 86 09 c4 e3 a8 95 aa 05 a6 5d b2 a7 c8 9f b3 ea 5e f2 5c 83 ca b4 32
0x20003c80: aa 45 08 17 fd ce 76 1b 7c e8 df 83 7a 45 ba 19 a8 61 21 d7 dd ab 55 87 e5 ab ed ae ed 0f 41 1e
0x20003ca0: 50 e0 54 eb 52 dc 37 f7 66 9d f8 d7 42 be 51 b3 65 84 f0 cb 4d 10 a6 53 ea 75 f2 31 4d 6a c5 08
0x20003cc0: bb 75 ba 34 d7 65 f5 ae f7 8a 1d 47 aa 10 fb a2 b4 16 b6 43 55 b6 76 ee dd db d7 c4 6a 51 b7 54
0x20003ce0: 76 aa 13 65 66 87 ba 43 57 77 2f 95 54 b3 54 01 0e 33 03 80 8b 15 ab 07 fd f5 81 bc d4 81 47 ae
0x20003d00: 88 91 a3 50 de b7 d7 fe 77 28 f2 ab 86 34 aa fb 0a 0d 8a 97 55 a9 53 da 5d ab 47 2e 8c 35 00 16
0x20003d20: 7b 0e 94 22 9a 15 ea fe aa 40 da 1f 08 28 df b2 09 60 19 8b 8b 6d 0c 51 39 99 ea a1 59 ad e5 31
0x20003d40: 28 50 22 5c d4 4d 31 a2 1e bf 53 ba 9f 15 32 24 6e 61 d3 11 9f a2 5d 00 1d 24 3d 8e bc 10 ad 00
0x20003d60: 74 27 6d 83 db 29 a9 97 ef 85 4e dc 55 2a 04 98 24 2e d5 e2 ac 15 ca 73 b2 d1 ba 77 54 68 0a 0b
0x20003d80: 8b 97 10 26 91 7e d5 9a 07 82 3b 9a 8c 7f b0 50 2a 95 0c 5c 6f a6 95 9e 15 e3 20 bc ae 44 13 a1
0x20003da0: 75 81 d6 e2 71 11 ff e6 ef 26 fa c3 75 86 6d e0 b2 29 d5 da 16 7c 33 53 b6 d7 a0 75 14 f0 01 2b
0x20003dc0: c0 1c b5 5d f5 fb e7 4a 50 98 c2 bc ba 10 a3 44 08 90 ea 54 d1 c0 e1 e8 f6 7a 89 28 5a 56 80 09
0x20003de0: d4 a8 55 08 d6 0c cb 01 a3 6d e4 ff 84 18 03 6f 61 75 c4 da 6b 4d cf 75 ea d1 ee 94 03 83 ad 91
0x20003e00: c2 81 a4 1d f7 a4 84 1e 37 f8 12 4a ff dd 02 44 78 90 8a 68 5b ba 56 f8 d9 cb 4f 92 1a 9c 08 51
0x20003e20: 90 ae 05 ba a0 29 88 7f ea 46 9c 31 e5 2b e4 3b 79 32 1c 1a 7e 51 9a 53 ed 57 b2 4d 79 93 11 8a
0x20003e40: 69 f5 2c dd 65 be 44 cf 37 97 7f 1a a6 14 88 08 a6 47 bc d5 d4 cb 3c 21 7c ba 54 68 52 46 80 40
0x20003e60: 28 80 54 f8 8a 44 f4 d9 ea b3 ab ce 29 f0 52 c8 f1 b3 e5 b8 eb bd ae f8 a6 f6 e8 5b c6 ae 04 ea
0x20003e80: 38 51 8a 51 55 8b 5e cb 51 6a 55 28 9a 79 fe 19 03 54 82 58 23 02 97 5a 17 81 5f ab 02 00 1e 43
0x20003ea0: 41 8b 41 8b bb 1b 6d 43 a6 ff be 42 1e 2a 4d 1b 04 a8 11 e2 6d 0c 6b 97 a3 4d ee 85 1d 2d 6c a8
0x20003ec0: 09 65 a2 d3 dd de 07 16 51 0d 0d d3 5b 55 09 91 8a 04 81 55 4d 28 d5 f5 98 2a 47 a0 8c 20 c5 d5
0x20003ee0: 10 49 06 20 62 4d a7 73 ab 3c 2d cf 0f 0c 21 aa 2f a1 17 22 0f 75 ab fc aa 6d bb 55 5a 3f f0 91
0x20003f00: 5e 10 80 39 5c ee 04 79 d5 c4 0d 35 9c e7 2f 74 c8 03 2b d1 5a 9a 77 0a 9b 08 fc 2b d8 08 97 66
0x20003f20: 8a a6 6a 07 9b c3 aa 54 ab 52 27 f5 c9 ea 1d a8 17 2c 45 05 bf 35 e3 3d 2e db bb d5 37 b1 57 50
0x20003f40: ae 94 6e 44 8f b2 55 ae 7d be d7 68 2e 74 06 24 6b 54 a6 52 c3 d2 74 de 53 7a ff 28 4a 59 3a 64
0x20003f60: 45 ba 64 b2 29 3b de 55 f2 d7 2a 50 71 a6 1e 11 54 38 48 8a 38 d9 8a 3d 8e 6d 2e 9d 0c ba 44 a0
0x20003f80: ab 44 2b 7c d5 fe 37 f9 55 60 54 81 28 50 3a 41 14 c1 0b 03 14 f3 47 ae 4f 9b 51 8a 12 43 02 1b
0x20003fa0: 5d 69 99 4a c8 29 ac 53 a3 ef cc d9 13 a8 6d 33 13 a2 19 8c c6 26 2e 05 1a bd 8e 03 53 aa 5c 02
0x20003fc0: fc 0a 00 5d d5 ce 96 19 4f da 75 ac 62 d6 bf 15 a6 54 23 a1 9c a6 1d f0 ad 9d cd 8e cc 91 8c 11
0x20003fe0: 97 8a 24 2e 9b 1e bc e6 7b 3e a5 d6 59 2a 18 f0 58 0c 55 86 ea 55 ed d5 64 95 83 d5 44 21 21 cd