0x20000000: c8 00 01 00 00 00 00 00 00 00 00 00 00 00 00 00 00 00 00 00 00 00 00 00 00 00 00 00 00 00 00 00
0x20000020: 00 00 00 00 00 00 00 00 00 00 00 00 00 00 00 00 00 00 00 00 00 00 00 00 00 00 00 00 00 00 00 00
0x20000040: 00 00 00 00 00 00 00 00 00 00 00 00 00 00 00 00 00 00 00 00 00 00 00 00 00 00 00 00 00 00 00 00
0x20000060: 00 00 00 00 00 00 00 00 00 00 00 00 00 00 00 00 00 00 00 00 00 00 00 00 00 00 00 00 00 00 00 00
0x20000080: 00 00 00 00 00 00 00 00 00 00 0c 00 00 00 0c 00 a5 ca fa a5 cb fa a5 cc fa a5 03 00 00 00 00 00
0x200000a0: 01 00 00 32 01 00 01 34 fa 00 00 00 00 00 64 00 f1 00 00 00 01 00 00 00 00 00 00 00 00 00 00 00
0x200000c0: 00 00 00 00 00 00 00 00 00 00 00 00 00 00 00 00 00 00 00 00 00 00 00 00 00 00 00 00 00 00 00 00
0x200000e0: 00 00 00 00 00 00 00 00 00 00 00 00 00 00 14 00 00 00 00 00 db 96 fa 1f f9 58 05 20 e3 96 fa 1f
0x20000100: 00 00 00 00 00 00 00 00 00 00 00 00 00 00 00 00 00 00 00 00 00 00 00 00 00 00 00 00 00 00 00 00
0x20000120: 00 00 00 00 00 00 00 00 00 00 00 00 00 00 00 00 00 00 00 00 00 00 00 00 00 00 00 00 00 00 00 00
0x20000140: 00 00 00 00 00 00 00 00 00 00 00 00 00 00 00 00 00 00 00 00 00 00 00 00 00 00 00 00 00 00 00 00
0x20000160: 00 00 00 00 00 00 00 00 00 00 00 00 00 00 00 00 00 00 00 00 00 00 00 00 00 00 00 00 00 00 00 00
0x20000180: 00 00 00 00 00 00 00 00 00 00 00 00 00 00 00 00 00 00 00 00 00 00 00 00 00 00 00 00 00 00 00 00
0x200001a0: 00 00 00 00 00 00 00 00 00 00 00 00 00 00 00 00 00 00 00 00 00 00 00 00 00 00 00 00 00 00 00 00
0x200001c0: 00 00 00 00 00 00 00 00 00 00 00 00 00 00 00 00 00 00 00 00 00 00 00 00 00 00 00 00 00 00 00 00
0x200001e0: 00 00 00 00 00 00 00 00 00 00 00 00 00 00 00 00 00 00 00 00 00 00 00 00 00 00 00 00 00 00 00 00
0x20000200: 00 00 00 00 00 00 00 00 e8 03 00 00 00 00 00 00 00 00 00 00 e8 03 00 00 00 00 00 00 00 00 00 00
0x20000220: 00 00 00 00 00 00 00 00 00 00 00 00 00 00 00 00 00 00 00 00 02 00 00 00 00 00 00 00 00 00 01 00
0x20000240: 00 00 00 00 00 00 00 00 00 00 00 00 00 00 00 00 00 00 00 00 00 00 00 00 00 00 00 00 00 00 00 00
0x20000260: 00 00 00 00 00 00 00 00 00 00 00 00 00 00 00 00 78 00 78 00 00 00 00 00 00 00 00 00 00 00 00 00
0x20000280: 00 00 00 00 00 00 00 00 00 00 00 00 00 00 00 00 00 00 00 00 00 00 00 00 00 00 00 00 00 00 00 00
0x200002a0: 00 00 00 00 00 00 00 00 00 00 00 00 00 00 00 00 00 00 00 00 00 00 00 00 00 00 00 00 00 00 00 00
0x200002c0: 00 00 00 00 00 00 00 00 00 00 00 00 14 00 00 00 00 00 00 00 00 00 00 00 00 00 00 00 00 00 00 00
0x200002e0: 00 00 00 00 01 00 00 00 00 00 00 00 18 00 00 00 00 00 00 00 00 00 00 00 00 00 00 00 00 00 00 00
0x20000300: 00 00 00 00 00 00 00 00 e8 03 00 00 00 00 00 00 00 00 00 00 00 00 00 00 00 00 00 00 00 00 00 00
0x20000320: 00 00 00 00 00 00 00 00 00 00 00 00 00 00 00 00 00 00 00 00 00 00 00 00 00 00 00 00 01 00 00 00
0x20000340: 8d 00 00 00 1f 1c 1f 1e 1f 1e 1f 1f 1e 1f 1e 1f 00 00 00 00 00 00 00 00 00 00 00 00 00 00 00 00
0x20000360: 76 00 00 00 3c 08 00 00 00 00 00 00 00 00 00 00 00 00 00 00 00 00 00 00 00 00 00 00 00 00 00 00
0x20000380: 00 00 00 00 00 00 00 00 00 00 00 00 00 00 00 00 00 00 00 00 00 00 00 00 00 00 00 00 e6 0e 00 00
0x200003a0: 00 00 00 00 01 03 03 03 ff 0f ff 0f ff 0f ff 0f ff 0f ff 0f ff 0f 00 00 01 00 01 00 00 00 00 00
0x200003c0: 00 00 00 00 00 00 00 00 00 01 00 00 00 00 16 00 00 00 00 00 04 00 00 00 00 00 75 00 00 6c dc 02
0x200003e0: 5d 08 00 00 80 23 00 20 80 23 00 20 b0 23 00 20 b0 23 00 20 00 00 00 00 00 00 00 00 01 00 00 00
0x20000400: f4 a3 01 08 fc a3 01 08 04 a4 01 08 08 a4 01 08 0c a4 01 08 10 a4 01 08 14 a4 01 08 18 a4 01 08
0x20000420: 1c a4 01 08 20 a4 01 08 f8 a3 01 08 00 a4 01 08 31 31 31 31 31 31 31 31 31 31 31 31 31 31 00 32
0x20000440: 32 32 32 32 32 32 32 32 32 32 32 32 32 00 33 33 33 33 33 33 33 33 33 33 33 33 33 33 00 34 34 34
0x20000460: 34 34 34 34 34 34 34 34 34 34 34 00 35 35 35 35 35 35 35 35 35 35 35 35 35 35 00 36 36 36 36 36
0x20000480: 36 36 36 36 36 36 36 36 36 00 37 37 37 37 37 37 37 37 37 37 37 37 37 37 00 30 30 30 30 30 30 30
0x200004a0: 30 30 30 30 30 30 30 00 00 00 00 00 00 00 00 00 00 00 00 00 00 00 00 00 00 00 00 00 00 00 00 00
0x200004c0: 00 00 00 00 00 00 00 00 dc 23 00 20 01 00 00 00 00 00 00 00 00 00 00 00 00 00 00 00 00 00 00 00
0x200004e0: 00 00 00 00 00 00 07 00 00 00 00 00 00 00 00 00 00 01 00 00 00 00 00 00 00 00 00 00 00 00 00 00
0x20000500: 00 00 00 00 00 00 03 00 00 00 00 00 00 00 00 00 00 01 00 00 00 00 00 00 00 00 00 00 00 00 00 00
0x20000520: 00 00 00 00 00 00 04 00 00 00 00 00 00 00 00 00 00 01 00 00 00 00 00 00 00 00 00 00 00 00 00 00
0x20000540: 00 00 00 00 00 00 02 00 00 00 00 00 00 00 00 00 00 01 00 00 00 00 00 00 00 00 00 00 00 00 00 00
0x20000560: 00 00 00 00 00 00 05 00 00 00 00 00 00 00 00 00 00 00 00 00 8d 20 00 00 00 00 00 00 00 00 00 00
0x20000580: 00 00 00 00 00 00 01 00 00 00 00 00 00 00 00 00 00 00 00 00 8d 20 00 00 00 00 00 00 00 00 00 00
0x200005a0: 00 00 00 00 00 00 06 00 00 00 00 00 00 00 00 00 00 00 00 00 00 00 00 00 00 00 00 00 00 00 00 00
0x200005c0: 00 00 00 00 00 00 00 00 00 00 00 00 00 00 00 00 00 00 00 00 00 00 00 00 00 00 00 00 00 00 00 00
0x200005e0: 00 00 00 00 00 00 00 00 00 00 00 00 00 00 00 00 00 00 00 00 00 00 00 00 00 00 00 00 00 00 00 00
0x20000600: 00 00 00 00 00 00 00 00 00 00 00 00 00 00 00 00 00 00 00 00 00 00 00 00 00 00 00 00 00 00 00 00
0x20000620: 00 00 00 00 00 00 00 00 00 00 00 00 00 00 00 00 00 00 00 00 00 00 00 00 00 00 00 00 00 00 00 00
0x20000640: 00 00 00 00 00 00 00 00 00 00 00 00 00 00 00 00 00 00 00 00 00 00 00 00 00 00 00 00 00 00 00 00
0x20000660: 00 00 00 00 00 00 00 00 00 00 00 00 00 00 00 00 00 00 00 00 00 00 00 00 00 00 00 00 00 00 00 00
0x20000680: 00 00 00 00 00 00 00 00 00 00 00 00 00 00 00 00 00 00 00 00 00 00 00 00 00 00 00 00 00 00 00 00
0x200006a0: 00 00 00 00 00 00 00 00 00 00 00 00 00 00 00 00 00 00 00 00 00 00 00 00 00 00 00 00 00 00 00 00
0x200006c0: 00 00 00 00 00 00 e8 03 00 00 00 00 00 00 00 00 00 00 00 00 00 00 00 00 00 00 00 00 00 00 00 00
0x200006e0: 00 00 00 00 00 00 00 00 00 00 00 00 00 00 00 00 00 00 00 00 00 00 00 00 00 00 00 00 00 00 00 00
0x20000700: 00 00 00 00 00 00 00 00 00 00 00 00 00 00 00 00 00 00 00 00 00 00 00 00 00 00 00 00 00 00 00 00
0x20000720: 00 00 00 00 00 00 00 00 00 00 00 00 00 00 00 00 00 00 00 00 00 00 00 00 00 00 00 00 00 00 00 00
0x20000740: 00 00 00 00 00 00 00 00 00 00 00 00 00 00 00 00 00 00 00 00 00 00 00 00 00 00 00 00 00 00 00 00
0x20000760: 00 00 00 00 00 00 00 00 00 00 00 00 00 00 00 00 00 00 00 00 00 00 00 00 00 38 01 40 00 c2 01 00
0x20000780: 00 00 00 00 00 00 00 00 00 00 00 00 0c 00 00 00 00 00 00 00 00 00 00 00 00 00 00 00 00 00 00 00
0x200007a0: 00 00 00 00 00 00 00 00 00 00 00 00 00 00 00 00 00 00 00 00 00 00 00 00 00 00 00 00 00 00 00 00
0x200007c0: 00 00 00 00 6a 16 00 20 1f 00 00 00 00 00 00 00 00 00 00 00 00 00 00 00 58 08 00 20 00 00 00 00
0x200007e0: 00 01 00 00 00 00 00 00 00 48 00 40 00 c2 01 00 00 00 00 00 00 00 00 00 00 00 00 00 0c 00 00 00
0x20000800: 00 00 00 00 00 00 00 00 00 00 00 00 00 00 00 00 00 00 00 00 00 00 00 00 00 00 00 00 00 00 00 00
0x20000820: 00 00 00 00 00 00 00 00 00 00 00 00 00 00 00 00 00 00 00 00 00 00 00 00 01 00 00 00 00 00 00 00
0x20000840: 00 00 00 00 00 00 00 00 00 00 00 00 00 00 00 00 00 01 00 00 00 00 00 00 1c 00 02 40 10 00 00 00
0x20000860: 00 00 00 00 80 00 00 00 00 00 00 00 00 00 00 00 00 00 00 00 00 10 00 00 00 01 00 00 78 07 00 20
0x20000880: 7b 35 01 08 b5 35 01 08 55 35 01 08 00 00 00 00 00 28 00 40 00 00 00 00 7f 00 00 00 ff 00 00 00
0x200008a0: 00 00 00 00 00 00 00 00 00 00 00 00 00 01 00 00 00 00 ff 0f 00 00 ff 0f be 02 00 00 00 00 f3 04
0x200008c0: ff 0f ff 0f ff 0f ff 0f 00 00 ff 0f 00 00 00 00 00 00 00 00 00 00 00 00 3b 08 00 00 00 00 de 0e
0x200008e0: 00 00 00 00 00 00 00 00 00 00 00 00 00 00 00 00 00 00 00 00 00 00 00 00 be 02 00 00 00 00 fa 04
0x20000900: 00 00 00 00 00 00 00 00 00 00 00 00 00 00 00 00 00 00 00 00 00 00 00 00 c0 02 00 00 00 00 f9 04
0x20000920: 00 00 00 00 00 00 00 00 00 00 00 00 00 00 00 00 00 24 01 40 00 00 00 80 00 00 00 00 00 00 00 00
0x20000940: 01 00 00 00 08 00 00 00 00 00 00 00 00 00 00 00 00 00 00 00 00 00 00 00 00 00 00 00 00 00 00 00
0x20000960: 01 00 00 00 01 00 00 00 00 00 00 00 7c 09 00 20 00 00 00 00 01 02 00 00 00 00 00 00 08 00 02 40
0x20000980: 00 00 00 00 00 00 00 00 80 00 00 00 00 01 00 00 00 04 00 00 20 00 00 00 00 00 00 00 00 01 00 00
0x200009a0: 30 09 00 20 2f 0b 00 08 d3 0b 00 08 b5 0b 00 08 00 00 00 00 00 30 01 40 04 01 00 00 00 00 00 00
0x200009c0: 00 07 00 00 00 00 00 00 00 00 00 00 00 02 00 00 18 00 00 00 00 00 00 00 00 00 00 00 00 00 00 00
0x200009e0: 07 00 00 00 01 00 00 00 08 00 00 00 00 00 00 00 00 00 00 00 00 00 00 00 00 00 00 00 00 00 00 00
0x20000a00: 00 00 00 00 00 00 00 00 00 00 00 00 00 00 00 00 00 01 00 00 00 00 00 00 00 2c 01 40 01 00 00 00
0x20000a20: 00 00 00 00 40 06 00 00 00 00 00 00 00 00 00 00 00 00 00 00 00 00 00 00 00 00 00 00 00 00 00 00
0x20000a40: 00 00 00 00 00 00 00 00 00 00 00 00 00 00 00 00 00 01 00 00 00 00 00 40 c0 12 00 00 00 00 00 00
0x20000a60: ff ff 00 00 00 00 00 00 00 00 00 00 00 00 00 00 00 00 00 00 00 00 00 00 00 00 00 00 00 00 00 00
0x20000a80: 00 00 00 00 00 00 00 00 00 00 00 00 00 01 00 00 00 04 00 40 01 00 00 00 00 00 00 00 60 09 00 00
0x20000aa0: 00 00 00 00 00 00 00 00 00 00 00 00 00 00 00 00 00 00 00 00 00 00 00 00 00 00 00 00 00 00 00 00
0x20000ac0: 00 00 00 00 00 00 00 00 00 01 00 00 00 48 01 40 00 00 00 00 00 00 00 00 00 00 00 00 00 00 00 00
0x20000ae0: 00 00 00 00 00 00 00 00 00 00 00 00 00 00 00 00 00 00 00 00 00 00 00 00 00 00 00 00 00 00 00 00
0x20000b00: 00 00 00 00 00 01 00 00 00 2c 00 40 80 01 00 00 7f 00 00 00 7f 00 00 00 00 01 00 00 00 30 00 40
0x20000b20: 00 00 00 00 ff 0f 00 00 d0 07 00 00 00 03 00 00 00 00 00 00 00 00 00 00 00 00 00 00 00 00 00 00
0x20000b40: 00 00 00 00 00 00 00 00 00 00 00 00 00 00 00 00 41 18 00 08 01 01 02 03 04 00 00 00 32 00 00 00
0x20000b60: 04 00 00 00 0a 00 00 00 0a 00 00 00 00 00 00 00 00 00 00 00 59 18 00 08 01 0d 0e 0f 10 00 00 00
0x20000b80: 32 00 00 00 04 00 00 00 0a 00 00 00 0a 00 00 00 00 00 00 00 00 00 00 00 02 00 00 00 0e 00 00 00
0x20000ba0: 00 00 00 00 00 00 00 00 00 00 00 00 00 00 00 00 00 00 00 00 00 00 00 00 00 00 00 00 00 00 00 00
0x20000bc0: 00 00 00 00 00 00 00 00 00 00 00 00 00 00 00 00 00 00 00 00 00 00 00 00 00 00 00 00 00 00 00 00
0x20000be0: 00 00 00 00 00 00 00 00 00 00 00 00 00 00 00 00 00 00 00 00 00 00 00 00 00 00 00 00 00 00 00 00
0x20000c00: 00 00 00 00 00 00 00 00 00 00 00 00 00 00 00 00 00 00 00 00 00 00 00 00 00 00 00 00 00 00 00 00
0x20000c20: 00 00 00 00 00 00 00 00 02 02 00 00 00 00 00 00 00 00 00 00 00 00 00 00 00 00 00 00 00 00 00 00
0x20000c40: 00 00 00 00 00 00 00 00 00 00 00 00 00 00 00 00 00 00 00 00 00 00 00 00 00 00 00 00 00 00 00 00
0x20000c60: 00 00 00 00 00 00 00 00 00 00 00 00 00 00 00 00 00 00 00 00 00 00 00 00 00 00 00 00 00 00 00 00
0x20000c80: 00 00 00 00 00 00 00 00 00 00 00 00 00 00 00 00 00 00 00 00 00 00 00 00 00 00 00 00 00 00 00 00
0x20000ca0: 00 00 00 00 00 00 00 00 00 00 00 00 00 00 00 00 00 00 00 00 00 00 00 00 00 00 00 00 00 00 00 00
0x20000cc0: 00 00 00 00 00 00 00 00 00 00 00 00 00 00 00 00 00 00 00 00 00 00 00 00 00 00 00 00 00 00 00 00
0x20000ce0: 00 00 00 00 00 00 00 00 00 00 00 00 00 00 00 00 00 00 00 00 00 00 00 00 00 00 00 00 00 00 00 00
0x20000d00: 00 00 00 00 00 00 00 00 00 00 00 00 00 00 00 00 00 00 00 00 00 00 00 00 00 00 00 00 00 00 00 00
0x20000d20: 00 00 00 00 00 00 00 00 00 00 00 00 00 00 00 00 00 00 00 00 00 00 00 00 00 00 00 00 00 00 00 00
0x20000d40: 00 00 00 00 00 00 00 00 00 00 00 00 00 00 00 00 00 00 00 00 00 00 00 00 00 00 00 00 02 00 00 00
0x20000d60: 02 00 00 00 00 00 00 00 00 00 00 00 00 00 00 00 00 00 00 00 00 00 00 00 00 00 00 00 00 00 00 00
0x20000d80: 00 00 00 00 00 00 00 00 00 00 00 00 00 00 00 00 00 00 00 00 00 00 00 00 00 00 00 00 00 00 00 00
0x20000da0: 00 00 00 00 00 00 00 00 00 00 00 00 00 00 00 00 00 00 00 00 00 00 00 00 00 00 00 00 00 00 00 00
0x20000dc0: 00 00 00 00 00 00 00 00 00 00 00 00 00 00 00 00 00 00 00 00 00 00 00 00 00 00 00 00 00 00 00 00
0x20000de0: 00 00 00 00 00 00 00 00 00 00 00 00 00 00 00 00 00 00 00 00 00 00 00 00 00 00 00 00 00 00 00 00
0x20000e00: 00 00 00 00 00 00 00 00 00 00 00 00 00 00 00 00 00 00 00 00 00 00 00 00 00 00 00 00 00 00 00 00
0x20000e20: 00 00 00 00 00 00 00 00 00 00 00 00 00 00 00 00 00 00 00 00 00 00 00 00 00 00 00 00 00 00 00 00
0x20000e40: 00 00 00 00 00 00 00 00 00 00 00 00 00 00 00 00 00 00 00 00 00 00 00 00 00 00 00 00 00 00 00 00
0x20000e60: 00 00 00 00 00 00 00 00 00 00 00 00 00 00 00 00 00 00 00 00 00 00 00 00 00 00 00 00 01 00 00 00
0x20000e80: 00 00 00 00 01 00 01 00 00 00 00 00 0a 00 00 00 00 00 00 00 01 01 00 00 00 00 00 00 0e 00 00 00
0x20000ea0: 00 00 00 00 0e 01 00 00 00 00 00 00 00 01 00 00 00 00 00 00 00 02 00 00 00 00 00 00 00 03 00 00
0x20000ec0: 00 00 00 00 0b 01 00 00 00 00 00 00 09 00 00 00 00 00 01 00 09 00 00 00 00 00 01 00 09 00 00 00
0x20000ee0: 00 00 01 00 09 00 00 00 00 00 01 00 09 00 00 00 00 00 01 00 09 00 00 00 00 00 01 00 09 00 00 00
0x20000f00: 00 00 01 00 09 01 00 00 00 00 01 00 09 01 00 00 00 00 01 00 09 01 00 00 00 00 01 00 09 01 00 00
0x20000f20: 00 00 01 00 0d 01 00 00 00 00 00 00 0d 00 00 00 00 00 00 00 0d 01 00 00 00 00 00 00 0d 03 00 00
0x20000f40: 00 00 00 00 09 04 00 00 00 00 00 00 09 04 00 00 00 00 00 00 09 03 00 00 00 00 00 00 07 00 00 00
0x20000f60: 00 00 00 00 02 01 00 00 00 00 00 00 02 00 00 00 00 00 00 00 00 00 00 00 00 00 00 00 03 00 00 00
0x20000f80: 00 00 00 00 00 00 00 00 00 00 00 00 00 00 00 00 00 00 00 00 00 00 00 00 00 00 00 00 00 00 00 00
0x20000fa0: 00 00 00 00 00 00 00 00 00 00 00 00 00 00 00 00 00 00 00 00 00 00 00 00 00 00 00 00 00 00 00 00
0x20000fc0: 00 00 00 00 00 07 0e 09 1c 1b 12 15 38 3f 36 31 24 23 2a 2d 70 77 7e 79 6c 6b 62 65 48 4f 46 41
0x20000fe0: 54 53 5a 5d e0 e7 ee e9 fc fb f2 f5 d8 df d6 d1 c4 c3 ca cd 90 97 9e 99 8c 8b 82 85 a8 af a6 a1
0x20001000: b4 b3 ba bd c7 c0 c9 ce db dc d5 d2 ff f8 f1 f6 e3 e4 ed ea b7 b0 b9 be ab ac a5 a2 8f 88 81 86
0x20001020: 93 94 9d 9a 27 20 29 2e 3b 3c 35 32 1f 18 11 16 03 04 0d 0a 57 50 59 5e 4b 4c 45 42 6f 68 61 66
0x20001040: 73 74 7d 7a 89 8e 87 80 95 92 9b 9c b1 b6 bf b8 ad aa a3 a4 f9 fe f7 f0 e5 e2 eb ec c1 c6 cf c8
0x20001060: dd da d3 d4 69 6e 67 60 75 72 7b 7c 51 56 5f 58 4d 4a 43 44 19 1e 17 10 05 02 0b 0c 21 26 2f 28
0x20001080: 3d 3a 33 34 4e 49 40 47 52 55 5c 5b 76 71 78 7f 6a 6d 64 63 3e 39 30 37 22 25 2c 2b 06 01 08 0f
0x200010a0: 1a 1d 14 13 ae a9 a0 a7 b2 b5 bc bb 96 91 98 9f 8a 8d 84 83 de d9 d0 d7 c2 c5 cc cb e6 e1 e8 ef
0x200010c0: fa fd f4 f3 00 00 00 00 00 00 00 00 00 00 00 00 00 00 00 00 00 00 00 00 00 00 00 00 00 00 00 00
0x200010e0: 00 00 00 00 00 00 00 00 00 00 00 00 00 00 00 00 00 00 00 00 00 00 00 00 00 00 00 00 00 00 00 00
0x20001100: 00 00 00 00 00 00 00 00 00 00 00 00 00 00 00 00 00 00 00 00 00 00 00 00 00 00 00 00 00 00 00 00
0x20001120: 00 00 00 00 00 00 00 00 00 00 00 00 00 00 00 00 00 00 00 00 00 00 00 00 00 00 00 00 00 00 00 00
0x20001140: 00 00 00 00 00 00 00 00 00 00 00 00 00 00 00 00 00 00 00 00 00 00 00 00 00 00 00 00 00 00 00 00
0x20001160: 00 00 00 00 00 00 00 00 00 00 00 00 00 00 00 00 00 00 00 00 00 00 00 00 00 00 00 00 00 00 00 00
0x20001180: 00 00 00 00 00 00 00 00 00 00 00 00 00 00 00 00 00 00 00 00 00 00 00 00 00 00 00 00 00 00 00 00
0x200011a0: 00 00 00 00 00 00 00 00 00 00 00 00 00 00 00 00 00 00 00 00 00 00 00 00 00 00 00 00 00 00 00 00
0x200011c0: 00 00 00 00 00 00 00 00 00 00 00 00 00 00 00 00 00 00 00 00 00 00 00 00 00 00 00 00 00 00 00 00
0x200011e0: 00 00 00 00 00 00 00 00 00 00 00 00 00 00 00 00 00 00 00 00 00 00 00 00 00 00 00 00 00 00 00 00
0x20001200: 00 00 00 00 00 00 00 00 00 00 00 00 00 00 00 00 00 00 00 00 00 00 00 00 00 00 00 00 00 00 00 00
0x20001220: 00 00 00 00 00 00 00 00 00 00 00 00 00 00 00 00 00 00 00 00 00 00 00 00 00 00 00 00 00 00 00 00
0x20001240: 00 00 00 00 00 00 00 00 00 00 00 00 00 00 00 00 00 00 00 00 00 00 00 00 00 00 00 00 00 00 00 00
0x20001260: 00 00 00 00 00 00 00 00 00 00 00 00 00 00 00 00 00 00 00 00 00 00 00 00 00 00 00 00 00 00 00 00
0x20001280: 00 00 00 00 00 00 00 00 00 00 00 00 00 00 00 00 00 00 00 00 00 00 00 00 00 00 00 00 00 00 00 00
0x200012a0: 00 00 00 00 00 00 00 00 00 00 00 00 00 00 00 00 00 00 00 00 00 00 00 00 00 00 00 00 00 00 00 00
0x200012c0: 00 00 00 00 00 00 00 00 00 00 00 00 00 00 00 00 00 00 00 00 00 00 00 00 00 00 00 00 00 00 00 00
0x200012e0: 00 00 00 00 00 00 00 00 00 00 00 00 00 00 00 00 00 00 00 00 00 00 00 00 00 00 00 00 00 00 00 00
0x20001300: 00 00 00 00 00 00 00 00 00 00 00 00 00 00 00 00 00 00 00 00 00 00 00 00 00 00 00 00 00 00 00 00
0x20001320: 00 00 00 00 00 00 00 00 00 00 00 00 00 00 00 00 00 00 00 00 00 00 00 00 00 00 00 00 00 00 00 00
0x20001340: 00 00 00 00 00 00 00 00 00 00 00 00 00 00 00 00 00 00 00 00 00 00 00 00 00 00 00 00 00 00 00 00
0x20001360: 00 00 00 00 00 00 00 00 00 00 00 00 00 00 00 00 00 00 00 00 00 00 00 00 00 00 00 00 00 00 00 00
0x20001380: 00 00 00 00 00 00 00 00 00 00 00 00 00 00 00 00 00 00 00 00 00 00 00 00 00 00 00 00 00 00 00 00
0x200013a0: 00 00 00 00 00 00 00 00 00 00 00 00 00 00 00 00 00 00 00 00 00 00 00 00 00 00 00 00 00 00 00 00
0x200013c0: 00 00 00 00 00 00 00 00 00 00 00 00 00 00 00 00 00 00 00 00 00 00 00 00 00 00 00 00 00 00 00 00
0x200013e0: 00 00 00 00 00 00 00 00 00 00 00 00 00 00 00 00 00 00 00 00 00 00 00 00 00 00 00 00 00 00 00 00
0x20001400: 00 00 00 00 00 00 00 00 00 00 00 00 00 00 00 00 00 00 00 00 00 00 00 00 00 00 00 00 00 00 00 00
0x20001420: 00 00 00 00 00 00 00 00 00 00 00 00 00 00 00 00 00 00 00 00 00 00 00 00 00 00 00 00 00 00 00 00
0x20001440: 00 00 00 00 00 00 00 00 00 00 00 00 00 00 00 00 00 00 00 00 00 00 00 00 00 00 00 00 00 00 00 00
0x20001460: 00 00 00 00 00 00 00 00 00 00 00 00 00 00 00 00 00 00 00 00 00 00 00 00 00 00 00 00 00 00 00 00
0x20001480: 00 00 00 00 00 00 00 00 00 00 00 00 00 00 00 00 00 00 00 00 00 00 00 00 00 00 00 00 00 00 00 00
0x200014a0: 00 00 00 00 00 00 00 00 00 00 00 00 00 00 00 00 00 00 00 00 00 00 00 00 00 00 00 00 00 00 00 00
0x200014c0: 00 00 00 00 00 00 00 00 00 00 00 00 00 00 00 00 00 00 00 00 00 00 00 00 00 00 00 00 00 00 00 00
0x200014e0: 00 00 00 00 00 00 00 00 00 00 00 00 00 00 00 00 00 00 00 00 00 00 00 00 00 00 00 00 00 00 00 00
0x20001500: 00 00 00 00 00 00 00 00 00 00 00 00 00 00 00 00 00 00 00 00 00 00 00 00 00 00 00 00 00 00 00 00
0x20001520: 00 00 00 00 00 00 00 00 00 00 00 00 00 00 00 00 00 00 00 00 00 00 00 00 00 00 00 00 00 00 00 00
0x20001540: 00 00 00 00 00 00 00 00 00 00 00 00 00 00 00 00 00 00 00 00 00 00 00 00 00 00 00 00 00 00 00 00
0x20001560: 00 00 00 00 00 00 00 00 00 00 00 00 00 00 00 00 00 00 00 00 00 00 00 00 00 00 00 00 00 00 00 00
0x20001580: 00 00 00 00 00 00 00 00 00 00 00 00 00 00 00 00 00 00 00 00 00 00 00 00 00 00 00 00 00 00 00 00
0x200015a0: 00 00 00 00 00 00 00 00 00 00 00 00 00 00 00 00 00 00 00 00 00 00 00 00 00 00 00 00 00 00 00 00
0x200015c0: 00 00 00 00 00 00 00 00 00 00 00 00 00 00 00 00 00 00 00 00 00 00 00 00 00 00 00 00 00 00 00 00
0x200015e0: 00 00 00 00 00 00 00 00 00 00 00 00 00 00 00 00 00 00 00 00 00 00 00 00 00 00 00 00 00 00 00 00
0x20001600: 00 00 00 00 00 00 00 00 00 00 00 00 00 00 00 00 00 00 00 00 00 00 00 00 00 00 00 00 00 00 00 00
0x20001620: 00 00 00 00 00 00 00 00 00 00 00 00 00 00 00 00 00 00 00 00 00 00 00 00 00 00 00 00 00 00 00 00
0x20001640: 00 00 00 00 00 00 00 00 00 00 00 00 00 00 00 00 00 00 00 00 00 00 00 00 00 00 00 00 00 00 00 00
0x20001660: 00 00 00 00 00 00 00 00 00 00 60 46 42 00 00 3c 63 74 6c 20 74 64 3d 27 53 63 68 65 64 32 27 3e
0x20001680: 3c 2f 63 74 6c 3e 00 19 0a 00 00 00 00 00 00 00 00 00 00 00 00 00 00 00 00 00 00 00 00 00 00 00
0x200016a0: 00 00 00 00 00 00 00 00 00 00 00 00 00 00 00 00 00 00 00 00 00 00 00 00 00 00 00 00 00 00 00 00
0x200016c0: 00 00 00 00 00 00 00 00 00 00 00 00 00 00 00 00 00 00 00 00 00 00 00 00 00 00 00 00 00 00 00 00
0x200016e0: 00 00 00 00 00 00 00 00 00 00 00 00 00 00 00 00 00 00 00 00 00 00 00 00 00 00 00 00 00 00 00 00
0x20001700: 00 00 00 00 00 00 00 00 00 00 00 00 00 00 00 00 00 00 00 00 00 00 00 00 00 00 00 00 00 00 00 00
0x20001720: 00 00 00 00 00 00 00 00 00 00 00 00 00 00 00 00 00 00 00 00 00 00 00 00 00 00 00 00 00 00 00 00
0x20001740: 00 00 00 00 00 00 00 00 00 00 00 00 00 00 00 00 00 00 00 00 00 00 00 00 00 00 00 00 00 00 00 00
0x20001760: 00 00 00 00 00 00 00 00 00 00 00 00 00 00 00 00 00 00 00 00 00 00 00 00 00 00 00 00 00 00 00 00
0x20001780: 00 00 00 00 00 00 00 00 00 00 00 00 00 00 00 00 00 00 00 00 00 00 00 00 00 00 00 00 00 00 00 00
0x200017a0: 00 00 00 00 00 00 00 00 00 00 00 00 00 00 00 00 00 00 00 00 00 00 00 00 00 00 00 00 00 00 00 00
0x200017c0: 00 00 00 00 00 00 00 00 00 00 00 00 00 00 00 00 00 00 00 00 00 00 00 00 00 00 00 00 00 00 00 00
0x200017e0: 00 00 00 00 00 00 00 00 00 00 00 00 00 00 00 00 00 00 00 00 00 00 00 00 00 00 00 00 00 00 00 00
0x20001800: 00 00 00 00 00 00 00 00 00 00 00 00 00 00 00 00 00 00 00 00 00 00 00 00 00 00 00 00 00 00 00 00
0x20001820: 00 00 00 00 00 00 00 00 00 00 00 00 00 00 00 00 00 00 00 00 00 00 00 00 00 00 00 00 00 00 00 00
0x20001840: 00 00 00 00 00 00 00 00 00 00 00 00 00 00 00 00 00 00 00 00 00 00 00 00 00 00 00 00 00 00 00 00
0x20001860: 00 00 00 00 00 00 00 00 00 00 00 00 00 00 00 00 00 00 00 00 00 00 00 00 00 00 00 00 00 00 00 00
0x20001880: 00 00 00 00 00 00 00 00 00 00 00 00 00 00 00 00 00 00 00 00 00 00 00 00 00 00 00 00 00 00 00 00
0x200018a0: 00 00 00 00 00 00 00 00 00 00 00 00 00 00 00 00 00 00 00 00 00 00 00 00 00 00 00 00 00 00 00 00
0x200018c0: 00 00 00 00 00 00 00 00 00 00 00 00 00 00 00 00 00 00 00 00 00 00 00 00 00 00 00 00 00 00 00 00
0x200018e0: 00 00 00 00 00 00 00 00 00 00 00 00 00 00 00 00 00 00 00 00 1f 00 01 00 00 00 00 00 00 00 00 00
0x20001900: 00 00 00 00 00 00 00 00 00 00 00 00 00 00 00 00 00 00 00 00 00 00 00 00 00 00 00 00 00 00 00 00
0x20001920: 00 00 00 00 00 00 00 00 00 00 00 00 00 00 00 00 00 00 00 00 00 00 00 00 00 00 00 00 00 00 00 00
0x20001940: 00 00 00 00 00 00 00 00 00 00 00 00 00 00 00 00 00 00 00 00 00 00 00 00 00 00 00 00 00 00 00 00
0x20001960: 00 00 00 00 00 00 00 00 00 00 00 00 00 00 00 00 00 00 00 00 00 00 00 00 00 00 00 00 00 00 00 00
0x20001980: 00 00 00 00 00 00 00 00 00 00 00 00 00 00 00 00 00 00 00 00 00 00 00 00 00 00 00 00 00 00 00 00
0x200019a0: 00 00 00 00 00 00 00 00 00 00 00 00 00 00 00 00 00 00 00 00 00 00 00 00 00 00 00 00 00 00 00 00
0x200019c0: 00 00 00 00 00 00 00 00 00 00 00 00 00 00 00 00 00 00 00 00 00 00 00 00 00 00 00 00 00 00 00 00
0x200019e0: 00 00 00 00 00 00 00 00 00 00 00 00 00 00 00 00 00 00 00 00 00 00 00 00 00 00 00 00 00 00 00 00
0x20001a00: 00 00 00 00 00 00 00 00 00 00 00 00 00 00 00 00 00 00 00 00 00 00 00 00 00 00 00 00 00 00 00 00
0x20001a20: 00 00 00 00 00 00 00 00 00 00 00 00 00 00 00 00 00 00 00 00 00 00 00 00 00 00 00 00 00 00 00 00
0x20001a40: 00 00 00 00 00 00 00 00 00 00 00 00 00 00 00 00 00 00 00 00 00 00 00 00 00 00 00 00 00 00 00 00
0x20001a60: 00 00 00 00 00 00 00 00 00 00 00 00 00 00 00 00 00 00 00 00 00 00 00 00 00 00 00 00 00 00 00 00
0x20001a80: 00 00 00 00 00 00 00 00 00 00 00 00 00 00 00 00 00 00 00 00 00 00 00 00 00 00 00 00 00 00 00 00
0x20001aa0: 00 00 00 00 00 00 00 00 00 00 00 00 00 00 00 00 00 00 00 00 00 00 00 00 00 00 00 00 00 00 00 00
0x20001ac0: 00 00 00 00 00 00 00 00 00 00 00 00 00 00 00 00 00 00 00 00 00 00 00 00 00 00 00 00 00 00 00 00
0x20001ae0: 00 00 00 00 00 00 00 00 00 00 00 00 00 00 00 00 00 00 00 00 00 00 00 00 00 00 00 00 00 00 00 00
0x20001b00: 00 00 00 00 00 00 00 00 00 00 00 00 00 00 00 00 00 00 00 00 00 00 00 00 00 00 00 00 00 00 00 00
0x20001b20: 00 00 00 00 00 00 00 00 00 00 00 00 00 00 00 00 00 00 00 00 00 00 00 00 00 00 00 00 00 00 00 00
0x20001b40: 00 00 00 00 00 00 00 00 00 00 00 00 00 00 00 00 00 00 00 00 00 00 00 00 00 00 00 00 00 00 00 00
0x20001b60: 00 00 00 00 00 00 00 00 00 00 00 00 00 00 00 00 00 00 00 00 00 00 00 00 00 00 00 00 00 00 00 00
0x20001b80: 00 00 00 00 01 00 00 00 00 00 00 00 00 00 00 00 00 00 00 00 00 00 00 00 00 00 00 00 00 00 00 00
0x20001ba0: 00 00 00 00 00 00 00 00 00 00 00 00 00 00 00 00 00 00 00 00 00 00 00 00 00 00 00 00 00 00 00 00
0x20001bc0: 00 00 00 00 00 00 00 00 00 00 00 00 00 00 00 00 00 00 00 00 00 00 00 00 00 00 00 00 00 00 00 00
0x20001be0: 00 00 00 00 00 00 00 00 00 00 00 00 00 00 00 00 00 00 00 00 00 00 00 00 00 00 00 00 00 00 00 00
0x20001c00: 00 00 00 00 00 00 00 00 00 00 00 00 00 00 00 00 00 00 00 00 00 00 00 00 00 00 00 00 00 00 00 00
0x20001c20: 00 00 00 00 00 00 00 00 00 00 00 00 00 00 00 00 00 00 00 00 00 00 00 00 00 00 00 00 00 00 00 00
0x20001c40: 00 00 00 00 00 00 00 00 00 00 00 00 00 00 00 00 00 00 00 00 00 00 00 00 00 00 00 00 00 00 00 00
0x20001c60: 00 00 00 00 00 00 00 00 00 00 00 00 00 00 00 00 00 00 00 00 00 00 00 00 00 00 00 00 00 00 00 00
0x20001c80: 00 00 00 00 00 00 00 00 00 00 00 00 00 00 00 00 00 00 00 00 00 00 00 00 00 00 00 00 00 00 00 00
0x20001ca0: 00 00 00 00 00 00 00 00 00 00 00 00 00 00 00 00 00 00 00 00 00 00 00 00 00 00 00 00 00 00 00 00
0x20001cc0: 00 00 00 00 00 00 00 00 00 00 00 00 00 00 00 00 00 00 00 00 00 00 00 00 00 00 00 00 00 00 00 00
0x20001ce0: 00 00 00 00 00 00 00 00 00 00 00 00 00 00 00 00 00 00 00 00 00 00 00 00 00 00 00 00 00 00 00 00
0x20001d00: 00 00 00 00 00 00 00 00 00 00 00 00 00 00 00 00 00 00 00 00 00 00 00 00 00 00 00 00 00 00 00 00
0x20001d20: 00 00 00 00 00 00 00 00 00 00 00 00 00 00 00 00 00 00 00 00 00 00 00 00 00 00 00 00 00 00 00 00
0x20001d40: 00 00 00 00 00 00 00 00 00 00 00 00 00 00 00 00 00 00 00 00 00 00 00 00 00 00 00 00 00 00 00 00
0x20001d60: 00 00 00 00 00 00 00 00 00 00 00 00 00 00 00 00 00 00 00 00 00 00 00 00 00 00 00 00 00 00 00 00
0x20001d80: 00 00 00 00 00 00 00 00 00 00 00 00 00 00 00 00 00 00 00 00 00 00 00 00 00 00 00 00 00 00 00 00
0x20001da0: 00 00 00 00 00 00 00 00 00 00 00 00 00 00 00 00 00 00 00 00 00 00 00 00 00 00 00 00 00 00 00 00
0x20001dc0: 00 00 00 00 00 00 00 00 00 00 00 00 00 00 00 00 00 00 00 00 00 00 00 00 00 00 00 00 00 00 00 00
0x20001de0: 00 00 00 00 00 00 00 00 00 00 00 00 00 00 00 00 00 00 00 00 00 00 00 00 00 00 00 00 00 00 00 00
0x20001e00: 00 00 00 00 00 00 00 00 00 00 00 00 00 00 00 00 00 00 01 00 00 00 00 00 00 00 00 00 00 00 00 00
0x20001e20: 00 00 00 00 00 00 00 00 00 00 00 00 00 00 00 00 00 00 00 00 00 00 00 00 00 00 00 00 00 00 00 00
0x20001e40: 00 00 00 00 00 00 00 00 00 00 00 00 00 00 00 00 00 00 00 00 00 00 00 00 00 00 00 00 00 00 00 00
0x20001e60: 00 00 00 00 00 00 00 00 00 00 00 00 00 00 00 00 00 00 00 00 00 00 00 00 00 00 00 00 00 00 00 00
0x20001e80: 00 00 00 00 00 00 00 00 00 00 00 00 00 00 00 00 00 00 00 00 00 00 00 00 00 00 00 00 00 00 00 00
0x20001ea0: 00 00 00 00 00 00 00 00 00 00 00 00 00 00 00 00 00 00 00 00 00 00 00 00 00 00 00 00 00 00 00 00
0x20001ec0: 00 00 00 00 00 00 00 00 00 00 00 00 00 00 00 00 00 00 00 00 00 00 00 00 00 00 00 00 00 00 00 00
0x20001ee0: 00 00 00 00 00 00 00 00 00 00 00 00 00 00 00 00 00 00 00 00 00 00 00 00 00 00 00 00 00 00 00 00
0x20001f00: 00 00 00 00 00 00 00 00 00 00 00 00 00 00 00 00 00 00 00 00 00 00 00 00 00 00 00 00 00 00 00 00
0x20001f20: 00 00 00 00 00 00 00 00 00 00 00 00 00 00 00 00 00 00 00 00 00 00 00 00 00 00 00 00 00 00 00 00
0x20001f40: 00 00 00 00 00 00 00 00 00 00 00 00 00 00 00 00 00 00 00 00 00 00 00 00 00 00 00 00 00 00 00 00
0x20001f60: 00 00 00 00 00 00 00 00 00 00 00 00 00 00 00 00 00 00 00 00 00 00 00 00 00 00 00 00 00 00 00 00
0x20001f80: 00 00 00 00 00 00 00 00 00 00 00 00 00 00 00 00 00 00 00 00 00 00 00 00 00 00 00 00 00 00 00 00
0x20001fa0: 00 00 00 00 00 00 00 00 00 00 00 00 00 00 00 00 00 00 00 00 00 00 00 00 00 00 00 00 00 00 00 00
0x20001fc0: 00 00 00 00 00 00 00 00 00 00 00 00 00 00 00 00 00 00 00 00 00 00 00 00 00 00 00 00 00 00 00 00
0x20001fe0: 00 00 00 00 00 00 00 00 00 00 00 00 00 00 00 00 00 00 00 00 00 00 00 00 00 00 00 00 00 00 00 00
0x20002000: 00 00 00 00 00 00 00 00 00 00 00 00 00 00 00 00 00 00 00 00 00 00 00 00 00 00 00 00 00 00 00 00
0x20002020: 00 00 00 00 00 00 00 00 00 00 00 00 00 00 00 00 00 00 00 00 00 00 00 00 00 00 00 00 00 00 00 00
0x20002040: 00 00 00 00 00 00 00 00 00 00 00 00 00 00 00 00 00 00 00 00 00 00 00 00 00 00 00 00 00 00 00 00
0x20002060: 00 00 00 00 00 00 00 00 00 00 00 00 00 00 00 00 00 00 00 00 00 00 00 00 00 00 00 00 00 00 00 00
0x20002080: 00 00 00 00 00 00 00 00 00 00 00 00 00 00 00 00 00 00 00 00 00 00 00 00 00 00 00 00 00 00 00 00
0x200020a0: 00 00 00 00 00 00 00 00 00 00 00 00 00 00 00 00 00 00 00 00 00 00 00 00 00 00 00 00 00 00 00 00
0x200020c0: 00 00 00 00 00 00 00 00 00 00 00 00 00 00 00 00 00 00 00 00 00 00 00 00 0b 00 00 00 00 00 00 00
0x200020e0: 00 00 00 00 00 00 00 00 00 00 00 00 00 00 07 07 00 00 00 45 30 30 30 30 37 34 34 33 31 38 36 30
0x20002100: 35 31 37 33 37 35 34 00 00 00 00 00 00 01 00 00 00 00 00 00 00 00 00 00 00 00 00 00 00 00 00 00
0x20002120: 00 00 00 00 00 00 00 00 00 00 00 00 00 00 00 00 00 00 00 00 00 00 00 00 00 00 00 00 00 00 00 00
0x20002140: 00 00 00 00 00 00 00 00 00 00 00 00 00 00 00 00 00 00 00 00 00 00 00 00 00 00 00 00 00 00 00 00
0x20002160: 00 00 00 00 00 00 00 00 00 00 00 00 00 00 00 00 00 00 00 00 00 00 00 00 00 00 00 00 00 00 00 00
0x20002180: 00 00 00 00 00 00 00 00 00 00 00 00 00 00 00 00 00 00 00 00 00 00 00 00 00 00 00 00 00 00 00 00
0x200021a0: 00 00 00 00 00 00 00 00 00 00 00 00 00 00 00 00 00 00 00 00 00 00 00 00 00 00 00 00 00 00 00 00
0x200021c0: 00 00 00 00 00 00 00 00 00 00 00 00 00 00 00 00 00 00 00 00 00 00 00 00 00 00 00 00 00 00 00 00
0x200021e0: 00 00 00 00 00 00 00 00 00 00 00 00 00 00 00 00 00 00 00 00 00 00 00 00 00 00 00 00 00 00 00 00
0x20002200: 00 00 00 00 00 00 00 00 00 00 00 00 00 00 00 00 00 00 00 00 00 00 00 00 00 00 00 00 00 00 00 00
0x20002220: 00 00 00 00 00 00 00 00 00 00 00 00 00 00 00 00 00 00 00 00 00 00 00 00 00 00 00 00 00 00 00 00
0x20002240: 00 00 00 00 00 00 00 00 00 00 00 00 00 00 00 00 00 00 00 00 00 00 00 00 00 00 00 00 00 00 00 00
0x20002260: 00 00 00 00 00 00 00 00 00 00 00 00 00 00 00 00 00 00 00 00 00 00 00 00 00 00 00 00 00 00 00 00
0x20002280: 00 00 00 00 00 00 00 00 00 00 00 00 00 00 00 00 00 00 00 00 00 00 00 00 00 00 00 00 00 00 00 00
0x200022a0: 00 00 00 00 00 00 00 00 00 00 00 00 00 00 00 00 00 00 00 00 00 00 00 00 00 00 00 00 00 00 00 00
0x200022c0: 00 00 00 00 00 00 00 00 00 00 00 00 00 00 00 00 00 00 00 00 00 00 00 00 00 00 00 00 00 00 00 00
0x200022e0: 00 00 00 00 00 00 00 00 00 00 00 00 00 00 00 00 00 00 00 00 00 00 00 00 00 00 00 00 00 00 00 00
0x20002300: 00 00 00 00 00 00 00 00 00 00 00 00 00 00 00 00 00 00 00 00 71 89 01 08 28 23 00 00 00 00 00 00
0x20002320: 00 00 00 00 00 00 00 00 00 00 00 00 00 00 00 00 00 00 00 00 25 87 01 08 50 46 00 00 00 00 00 00
0x20002340: 00 00 00 00 00 00 00 00 00 00 00 00 00 00 00 00 00 00 00 00 d5 43 00 08 28 23 00 00 00 00 00 00
0x20002360: 00 00 00 00 00 00 00 00 00 00 00 00 00 00 00 00 00 00 00 00 00 00 00 00 00 00 00 00 30 00 00 00
0x20002380: 00 00 00 00 00 00 00 00 00 00 00 00 00 00 00 00 00 00 00 00 00 00 00 02 00 00 00 00 00 00 00 00
0x200023a0: 00 00 00 00 00 00 00 00 80 23 00 20 30 00 00 00 00 00 00 00 00 00 00 00 00 00 00 00 00 00 00 00
0x200023c0: 00 00 00 00 00 00 00 00 00 00 00 00 00 00 00 00 00 00 00 00 00 00 00 00 00 00 00 00 98 03 00 00
0x200023e0: 00 00 00 00 00 00 00 00 00 00 00 00 00 00 00 00 00 00 00 00 00 00 00 00 00 00 00 00 00 00 00 00
0x20002400: 00 00 00 00 00 00 00 00 00 00 00 00 00 00 00 00 00 00 00 00 00 00 00 00 00 00 00 00 00 00 00 00
0x20002420: 00 00 00 00 00 00 00 00 00 00 00 00 00 00 00 00 00 00 00 00 00 00 00 00 00 00 00 00 00 00 00 00
0x20002440: 00 00 00 00 00 00 00 00 00 00 00 00 00 00 00 00 00 00 00 00 00 00 00 00 00 00 00 00 00 00 00 00
0x20002460: 00 00 00 00 00 00 00 00 00 00 00 00 00 00 00 00 00 00 00 00 00 00 00 00 00 00 00 00 00 00 00 00
0x20002480: 00 00 00 00 00 00 00 00 00 00 00 00 00 00 00 00 00 00 00 00 00 00 00 00 00 00 00 00 00 00 00 00
0x200024a0: 00 00 00 00 00 00 00 00 00 00 00 00 00 00 00 00 00 00 00 00 00 00 00 00 00 00 00 00 00 00 00 00
0x200024c0: 00 00 00 00 00 00 00 00 00 00 00 00 00 00 00 00 00 00 00 00 00 00 00 00 00 00 00 00 00 00 00 00
0x200024e0: 00 00 00 00 00 00 00 00 00 00 00 00 00 00 00 00 00 00 00 00 00 00 00 00 00 00 00 00 00 00 00 00
0x20002500: 00 00 00 00 00 00 00 00 00 00 00 00 00 00 00 00 00 00 00 00 00 00 00 00 00 00 00 00 00 00 00 00
0x20002520: 00 00 00 00 00 00 00 00 00 00 00 00 00 00 00 00 00 00 00 00 00 00 00 00 00 00 00 00 00 00 00 00
0x20002540: 00 00 00 00 00 00 00 00 00 00 00 00 00 00 00 00 00 00 00 00 00 00 00 00 00 00 00 00 00 00 00 00
0x20002560: 00 00 00 00 00 00 00 00 00 00 00 00 00 00 00 00 00 00 00 00 00 00 00 00 00 00 00 00 00 00 00 00
0x20002580: 00 00 00 00 00 00 00 00 00 00 00 00 00 00 00 00 00 00 00 00 00 00 00 00 00 00 00 00 00 00 00 00
0x200025a0: 00 00 00 00 00 00 00 00 00 00 00 00 00 00 00 00 00 00 00 00 00 00 00 00 00 00 00 00 00 00 00 00
0x200025c0: 00 00 00 00 00 00 00 00 00 00 00 00 00 00 00 00 00 00 00 00 00 00 00 00 00 00 00 00 00 00 00 00
0x200025e0: 00 00 00 00 00 00 00 00 00 00 00 00 00 00 00 00 00 00 00 00 00 00 00 00 00 00 00 00 00 00 00 00
0x20002600: 00 00 00 00 00 00 00 00 00 00 00 00 00 00 00 00 00 00 00 00 00 00 00 00 00 00 00 00 00 00 00 00
0x20002620: 00 00 00 00 00 00 00 00 00 00 00 00 00 00 00 00 00 00 00 00 00 00 00 00 00 00 00 00 00 00 00 00
0x20002640: 00 00 00 00 00 00 00 00 00 00 00 00 00 00 00 00 00 00 00 00 00 00 00 00 00 00 00 00 00 00 00 00
0x20002660: 00 00 00 00 00 00 00 00 00 00 00 00 00 00 00 00 00 00 00 00 00 00 00 00 00 00 00 00 00 00 00 00
0x20002680: 00 00 00 00 00 00 00 00 00 00 00 00 00 00 00 00 00 00 00 00 00 00 00 00 00 00 00 00 00 00 00 00
0x200026a0: 00 00 00 00 00 00 00 00 00 00 00 00 00 00 00 00 00 00 00 00 00 00 00 00 00 00 00 00 00 00 00 00
0x200026c0: 00 00 00 00 00 00 00 00 00 00 00 00 00 00 00 00 00 00 00 00 00 00 00 00 00 00 00 00 00 00 00 00
0x200026e0: 00 00 00 00 00 00 00 00 00 00 00 00 00 00 00 00 00 00 00 00 00 00 00 00 00 00 00 00 00 00 00 00
0x20002700: 00 00 00 00 00 00 00 00 00 00 00 00 00 00 00 00 00 00 00 00 00 00 00 00 00 00 00 00 00 00 00 00
0x20002720: 00 00 00 00 00 00 00 00 00 00 00 00 00 00 00 00 00 00 00 00 00 00 00 00 00 00 00 00 00 00 00 00
0x20002740: 00 00 00 00 00 00 00 00 00 00 00 00 00 00 00 00 00 00 00 00 00 00 00 00 00 00 00 00 00 00 00 00
0x20002760: 00 00 00 00 00 00 00 00 00 00 00 00 00 00 00 00 00 00 00 00 00 00 00 00 00 00 00 00 00 00 00 00
0x20002780: 00 00 00 00 00 00 00 00 00 00 00 00 00 00 00 00 00 00 00 00 00 00 00 00 00 00 00 00 00 00 00 00
0x200027a0: 00 00 00 00 00 00 00 00 00 00 00 00 00 00 00 00 00 00 00 00 00 00 00 00 00 00 00 00 00 00 00 00
0x200027c0: 00 00 00 00 00 00 00 00 00 00 00 00 00 00 00 00 00 00 00 00 00 00 00 00 00 00 00 00 00 00 00 00
0x200027e0: 00 00 00 00 00 00 00 00 00 00 00 00 00 00 00 00 00 00 00 00 00 00 00 00 00 00 00 00 00 00 00 00
0x20002800: 00 00 00 00 00 00 00 00 00 00 00 00 00 00 00 00 00 00 00 00 00 00 00 00 00 00 00 00 00 00 00 00
0x20002820: 00 00 00 00 00 00 00 00 00 00 00 00 00 00 00 00 00 00 00 00 00 00 00 00 00 00 00 00 00 00 00 00
0x20002840: 00 00 00 00 00 00 00 00 00 00 00 00 00 00 00 00 00 00 00 00 00 00 00 00 00 00 00 00 00 00 00 00
0x20002860: 00 00 00 00 00 00 00 00 00 00 00 00 00 00 00 00 00 00 00 00 00 00 00 00 00 00 00 00 00 00 00 00
0x20002880: 00 00 00 00 00 00 00 00 00 00 00 00 00 00 00 00 00 00 00 00 00 00 00 00 00 00 00 00 00 00 00 00
0x200028a0: 00 00 00 00 00 00 00 00 00 00 00 00 00 00 00 00 00 00 00 00 00 00 00 00 00 00 00 00 00 00 00 00
0x200028c0: 00 00 00 00 00 00 00 00 00 00 00 00 00 00 00 00 00 00 00 00 00 00 00 00 00 00 00 00 00 00 00 00
0x200028e0: 00 00 00 00 00 00 00 00 00 00 00 00 00 00 00 00 00 00 00 00 00 00 00 00 00 00 00 00 00 00 00 00
0x20002900: 00 00 00 00 00 00 00 00 00 00 00 00 00 00 00 00 00 00 00 00 00 00 00 00 00 00 00 00 00 00 00 00
0x20002920: 00 00 00 00 00 00 00 00 00 00 00 00 00 00 00 00 00 00 00 00 00 00 00 00 00 00 00 00 00 00 00 00
0x20002940: 00 00 00 00 00 00 00 00 00 00 00 00 00 00 00 00 00 00 00 00 00 00 00 00 00 00 00 00 00 00 00 00
0x20002960: 00 00 00 00 00 00 00 00 00 00 00 00 00 00 00 00 00 00 00 00 00 00 00 00 00 00 00 00 00 00 00 00
0x20002980: 00 00 00 00 00 00 00 00 00 00 00 00 00 00 00 00 00 00 00 00 00 00 00 00 00 00 00 00 00 00 00 00
0x200029a0: 00 00 00 00 00 00 00 00 00 00 00 00 00 00 00 00 00 00 00 00 00 00 00 00 00 00 00 00 00 00 00 00
0x200029c0: 00 00 00 00 00 00 00 00 00 00 00 00 00 00 00 00 00 00 00 00 00 00 00 00 00 00 00 00 00 00 00 00
0x200029e0: 00 00 00 00 00 00 00 00 00 00 00 00 00 00 00 00 00 00 00 00 00 00 00 00 00 00 00 00 00 00 00 00
0x20002a00: 00 00 00 00 00 00 00 00 00 00 00 00 00 00 00 00 00 00 00 00 00 00 00 00 00 00 00 00 00 00 00 00
0x20002a20: 00 00 00 00 00 00 00 00 00 00 00 00 00 00 00 00 00 00 00 00 00 00 00 00 00 00 00 00 00 00 00 00
0x20002a40: 00 00 00 00 00 00 00 00 00 00 00 00 00 00 00 00 00 00 00 00 00 00 00 00 00 00 00 00 00 00 00 00
0x20002a60: 00 00 00 00 00 00 00 00 00 00 00 00 00 00 00 00 00 00 00 00 00 00 00 00 00 00 00 00 00 00 00 00
0x20002a80: 00 00 00 00 00 00 00 00 00 00 00 00 00 00 00 00 00 00 00 00 00 00 00 00 00 00 00 00 00 00 00 00
0x20002aa0: 00 00 00 00 00 00 00 00 00 00 00 00 00 00 00 00 00 00 00 00 00 00 00 00 00 00 00 00 00 00 00 00
0x20002ac0: 00 00 00 00 00 00 00 00 00 00 00 00 00 00 00 00 00 00 00 00 00 00 00 00 00 00 00 00 00 00 00 00
0x20002ae0: 00 00 00 00 00 00 00 00 00 00 00 00 00 00 00 00 00 00 00 00 00 00 00 00 00 00 00 00 00 00 00 00
0x20002b00: 00 00 00 00 00 00 00 00 00 00 00 00 00 00 00 00 00 00 00 00 00 00 00 00 00 00 00 00 00 00 00 00
0x20002b20: 00 00 00 00 00 00 00 00 00 00 00 00 00 00 00 00 00 00 00 00 00 00 00 00 00 00 00 00 00 00 00 00
0x20002b40: 00 00 00 00 00 00 00 00 00 00 00 00 00 00 00 00 00 00 00 00 00 00 00 00 00 00 00 00 00 00 00 00
0x20002b60: 00 00 00 00 00 00 00 00 00 00 00 00 00 00 00 00 00 00 00 00 00 00 00 00 00 00 00 00 00 00 00 00
0x20002b80: 00 00 00 00 00 00 00 00 00 00 00 00 00 00 00 00 00 00 00 00 00 00 00 00 00 00 00 00 00 00 00 00
0x20002ba0: 00 00 00 00 00 00 00 00 00 00 00 00 00 00 00 00 00 00 00 00 00 00 00 00 00 00 00 00 00 00 00 00
0x20002bc0: 00 00 00 00 00 00 00 00 00 00 00 00 00 00 00 00 00 00 00 00 00 00 00 00 00 00 00 00 00 00 00 00
0x20002be0: 00 00 00 00 00 00 00 00 00 00 00 00 00 00 00 00 00 00 00 00 00 00 00 00 00 00 00 00 00 00 00 00
0x20002c00: 00 00 00 00 00 00 00 00 00 00 00 00 00 00 00 00 00 00 00 00 00 00 00 00 00 00 00 00 00 00 00 00
0x20002c20: 00 00 00 00 00 00 00 00 00 00 00 00 00 00 00 00 00 00 00 00 00 00 00 00 00 00 00 00 00 00 00 00
0x20002c40: 00 00 00 00 00 00 00 00 00 00 00 00 00 00 00 00 00 00 00 00 00 00 00 00 00 00 00 00 00 00 00 00
0x20002c60: 00 00 00 00 00 00 00 00 00 00 00 00 00 00 00 00 00 00 00 00 00 00 00 00 00 00 00 00 00 00 00 00
0x20002c80: 00 00 00 00 00 00 00 00 00 00 00 00 00 00 00 00 00 00 00 00 00 00 00 00 00 00 00 00 00 00 00 00
0x20002ca0: 00 00 00 00 00 00 00 00 00 00 00 00 00 00 00 00 00 00 00 00 00 00 00 00 00 00 00 00 00 00 00 00
0x20002cc0: 00 00 00 00 00 00 00 00 00 00 00 00 00 00 00 00 00 00 00 00 00 00 00 00 00 00 00 00 00 00 00 00
0x20002ce0: 00 00 00 00 00 00 00 00 00 00 00 00 00 00 00 00 00 00 00 00 00 00 00 00 00 00 00 00 00 00 00 00
0x20002d00: 00 00 00 00 00 00 00 00 00 00 00 00 00 00 00 00 00 00 00 00 00 00 00 00 00 00 00 00 00 00 00 00
0x20002d20: 00 00 00 00 00 00 00 00 00 00 00 00 00 00 00 00 00 00 00 00 00 00 00 00 00 00 00 00 00 00 00 00
0x20002d40: 00 00 00 00 00 00 00 00 00 00 00 00 00 00 00 00 00 00 00 00 00 00 00 00 00 00 00 00 00 00 00 00
0x20002d60: 00 00 00 00 00 00 00 00 00 00 00 00 00 00 00 00 00 00 00 00 00 00 00 00 00 00 00 00 00 00 00 00
0x20002d80: 00 00 00 00 00 00 00 00 00 00 00 00 00 00 00 00 00 00 00 00 00 00 00 00 00 00 00 00 00 00 00 00
0x20002da0: 00 00 00 00 00 00 00 00 00 00 00 00 00 00 00 00 00 00 00 00 00 00 00 00 00 00 00 00 00 00 00 00
0x20002dc0: 00 00 00 00 00 00 00 00 00 00 00 00 00 00 00 00 00 00 00 00 00 00 00 00 00 00 00 00 00 00 00 00
0x20002de0: 00 00 00 00 00 00 00 00 00 00 00 00 00 00 00 00 00 00 00 00 00 00 00 00 00 00 00 00 00 00 00 00
0x20002e00: 00 00 00 00 00 00 00 00 00 00 00 00 00 00 00 00 00 00 00 00 00 00 00 00 00 00 00 00 00 00 00 00
0x20002e20: 00 00 00 00 00 00 00 00 00 00 00 00 00 00 00 00 00 00 00 00 00 00 00 00 00 00 00 00 00 00 00 00
0x20002e40: 00 00 00 00 00 00 00 00 00 00 00 00 00 00 00 00 00 00 00 00 00 00 00 00 00 00 00 00 00 00 00 00
0x20002e60: 00 00 00 00 00 00 00 00 00 00 00 00 00 00 00 00 00 00 00 00 00 00 00 00 00 00 00 00 00 00 00 00
0x20002e80: 00 00 00 00 00 00 00 00 00 00 00 00 00 00 00 00 00 00 00 00 00 00 00 00 00 00 00 00 00 00 00 00
0x20002ea0: 00 00 00 00 00 00 00 00 00 00 00 00 00 00 00 00 00 00 00 00 00 00 00 00 00 00 00 00 00 00 00 00
0x20002ec0: 00 00 00 00 00 00 00 00 00 00 00 00 00 00 00 00 00 00 00 00 00 00 00 00 00 00 00 00 00 00 00 00
0x20002ee0: 00 00 00 00 00 00 00 00 00 00 00 00 00 00 00 00 00 00 00 00 00 00 00 00 00 00 00 00 00 00 00 00
0x20002f00: 00 00 00 00 00 00 00 00 00 00 00 00 00 00 00 00 00 00 00 00 00 00 00 00 00 00 00 00 00 00 00 00
0x20002f20: 00 00 00 00 00 00 00 00 00 00 00 00 00 00 00 00 00 00 00 00 00 00 00 00 00 00 00 00 00 00 00 00
0x20002f40: 00 00 00 00 00 00 00 00 00 00 00 00 00 00 00 00 00 00 00 00 00 00 00 00 00 00 00 00 00 00 00 00
0x20002f60: 00 00 00 00 00 00 00 00 00 00 00 00 00 00 00 00 00 00 00 00 00 00 00 00 00 00 00 00 00 00 00 00
0x20002f80: 00 00 00 00 00 00 00 00 00 00 00 00 00 00 00 00 00 00 00 00 00 00 00 00 00 00 00 00 00 00 00 00
0x20002fa0: 00 00 00 00 00 00 00 00 00 00 00 00 00 00 00 00 00 00 00 00 00 00 00 00 00 00 00 00 00 00 00 00
0x20002fc0: 00 00 00 00 00 00 00 00 00 00 00 00 00 00 00 00 00 00 00 00 00 00 00 00 00 00 00 00 00 00 00 00
0x20002fe0: 00 00 00 00 00 00 00 00 00 00 00 00 00 00 00 00 00 00 00 00 00 00 00 00 00 00 00 00 00 00 00 00
0x20003000: 00 00 00 00 00 00 00 00 00 00 00 00 00 00 00 00 00 00 00 00 00 00 00 00 00 00 00 00 00 00 00 00
0x20003020: 00 00 00 00 00 00 00 00 00 00 00 00 00 00 00 00 00 00 00 00 00 00 00 00 00 00 00 00 00 00 00 00
0x20003040: 00 00 00 00 00 00 00 00 00 00 00 00 00 00 00 00 00 00 00 00 00 00 00 00 00 00 00 00 00 00 00 00
0x20003060: 00 00 00 00 00 00 00 00 00 00 00 00 00 00 00 00 00 00 00 00 00 00 00 00 00 00 00 00 00 00 00 00
0x20003080: 00 00 00 00 00 00 00 00 00 00 00 00 00 00 00 00 00 00 00 00 00 00 00 00 00 00 00 00 00 00 00 00
0x200030a0: 00 00 00 00 00 00 00 00 00 00 00 00 00 00 00 00 00 00 00 00 00 00 00 00 00 00 00 00 00 00 00 00
0x200030c0: 00 00 00 00 00 00 00 00 00 00 00 00 00 00 00 00 00 00 00 00 00 00 00 00 00 00 00 00 00 00 00 00
0x200030e0: 00 00 00 00 00 00 00 00 00 00 00 00 00 00 00 00 00 00 00 00 00 00 00 00 00 00 00 00 00 00 00 00
0x20003100: 00 00 00 00 00 00 00 00 00 00 00 00 00 00 00 00 00 00 00 00 00 00 00 00 00 00 00 00 00 00 00 00
0x20003120: 00 00 00 00 00 00 00 00 00 00 00 00 00 00 00 00 00 00 00 00 00 00 00 00 00 00 00 00 00 00 00 00
0x20003140: 00 00 00 00 00 00 00 00 30 09 00 20 a9 0b 00 08 7c 09 00 20 00 00 00 00 1a 00 00 00 91 78 00 08
0x20003160: 00 00 00 00 bf 01 01 08 00 00 00 00 f9 ff ff ff f0 00 00 00 5a 00 00 00 05 00 00 00 5a 00 00 00
0x20003180: ff ff ff ff 73 78 01 08 aa 82 01 08 00 00 00 81 a4 31 00 20 73 78 01 08 19 00 00 00 88 34 00 20
0x200031a0: ad 74 01 08 1f 00 00 00 1f 00 00 00 a1 34 00 20 ff 8e 01 08 e3 33 01 08 19 0a 00 00 60 46 42 00
0x200031c0: 00 3c 63 74 6c 20 74 64 3d 27 53 63 68 65 64 32 27 3e 3c 2f 63 74 6c 3e 00 19 0a 00 00 00 00 00
0x200031e0: 00 00 00 00 00 00 00 00 00 00 00 00 00 00 00 00 00 00 00 00 00 00 00 00 00 00 00 00 00 00 00 00
0x20003200: 00 00 00 00 00 00 00 00 00 00 00 00 00 00 00 00 00 00 00 00 00 00 00 00 00 00 00 00 00 00 00 00
0x20003220: 00 00 00 00 00 00 00 00 00 00 00 00 00 00 00 00 00 00 00 00 00 00 00 00 00 00 00 00 00 00 00 00
0x20003240: 00 00 00 00 00 00 00 00 00 00 00 00 00 00 00 00 00 00 00 00 00 00 00 00 00 00 00 00 00 00 00 00
0x20003260: 00 00 00 00 00 00 00 00 00 00 00 00 00 00 00 00 00 00 00 00 00 00 00 00 00 00 00 00 00 00 00 00
0x20003280: 00 00 00 00 00 00 00 00 00 00 00 00 00 00 00 00 00 00 00 00 00 00 00 00 00 00 00 00 00 00 00 00
0x200032a0: 00 00 00 00 00 00 00 00 00 00 00 00 00 00 00 00 00 00 00 00 00 00 00 00 00 00 00 00 00 00 00 00
0x200032c0: 00 00 00 00 00 00 00 00 00 00 00 00 00 00 00 00 00 00 00 00 00 00 00 00 00 00 00 00 00 00 00 00
0x200032e0: 00 00 00 00 00 00 00 00 00 00 00 00 00 00 00 00 00 00 00 00 00 00 00 00 00 00 00 00 00 00 00 00
0x20003300: 00 00 00 00 00 00 00 00 00 00 00 00 00 00 00 00 00 00 00 00 00 00 00 00 00 00 00 00 00 00 00 00
0x20003320: 00 00 00 00 00 00 00 00 00 00 00 00 00 00 00 00 00 00 00 00 00 00 00 00 00 00 00 00 00 00 00 00
0x20003340: 00 00 00 00 00 00 00 00 00 00 00 00 00 00 00 00 00 00 00 00 00 00 00 00 00 00 00 00 00 00 00 00
0x20003360: 00 00 00 00 00 00 00 00 00 00 00 00 00 00 00 00 00 00 00 00 00 00 00 00 00 00 00 00 00 00 00 00
0x20003380: 00 00 00 00 00 00 00 00 00 00 00 00 00 00 00 00 00 00 00 00 00 00 00 00 00 00 00 00 00 00 00 00
0x200033a0: 00 00 00 00 00 00 00 00 00 00 00 00 00 00 00 00 00 00 00 00 00 00 00 00 00 00 00 00 33 01 00 08
0x200033c0: 30 09 00 20 7c 09 00 20 f4 a5 01 08 4f 71 00 08 30 09 00 20 a9 0b 00 08 7c 09 00 20 01 00 00 00
0x200033e0: f4 a5 01 08 91 78 00 08 f4 a5 01 08 b1 34 00 08 f4 a5 01 08 f9 ff ff ff 8e 02 00 00 00 00 00 00
0x20003400: 80 02 00 00 00 00 00 00 ff ff ff ff 73 ba 00 08 6e 55 00 08 00 00 00 81 f4 a5 01 08 5f 56 01 08
0x20003420: 00 00 00 00 00 00 00 00 00 00 00 00 00 00 00 00 00 00 00 00 00 00 00 00 00 00 00 00 00 00 00 00
0x20003440: 00 00 00 00 00 00 00 00 fc 8e 01 08 00 00 00 00 00 00 00 00 00 00 00 00 01 00 00 00 88 34 00 20
0x20003460: 19 00 00 00 00 00 00 00 d3 8e 01 08 1a 00 00 00 19 00 00 00 06 00 00 00 00 00 00 00 5b a1 01 08
0x20003480: 44 a2 01 08 41 a2 01 08 00 00 3c 63 74 6c 20 74 64 3d 27 53 63 68 65 64 32 27 3e 3c 2f 63 74 6c
0x200034a0: 3e 00 00 00 00 00 00 00 00 00 00 00 00 00 00 00 00 00 00 00 00 00 00 00 00 00 00 00 00 00 00 00
0x200034c0: 00 00 00 00 00 00 00 00 00 00 00 00 00 00 00 00 00 00 00 00 00 00 00 00 00 00 00 00 00 a2 00 00
0x200034e0: 00 00 00 00 bf 7a 00 08 00 e8 01 08 00 a2 00 00 01 00 00 00 00 00 00 00 00 00 00 00 00 a2 00 00
0x20003500: 01 00 00 00 00 e8 01 08 00 a2 00 00 00 00 00 00 00 00 00 00 00 00 00 00 5c 35 00 20 00 e8 01 08
0x20003520: 00 a2 00 00 1b 55 00 08 01 00 00 00 00 e8 01 08 00 00 00 00 5c 35 00 20 ff ff 00 00 80 23 00 20
0x20003540: 01 00 00 00 00 00 00 00 00 00 00 00 03 00 00 00 80 02 00 00 00 00 00 00 ff ff ff ff 77 85 01 08
0x20003560: f8 45 01 08 00 00 00 61 ff ff ff ff ff ff ff ff ff ff ff ff ff ff ff ff ff ff ff ff ff ff ff ff
0x20003580: ff ff ff ff ff ff ff ff ff ff ff ff ff ff ff ff ff ff ff ff ff ff ff ff ff ff ff ff ff ff ff ff
0x200035a0: ff ff ff ff ff ff ff ff ff ff ff ff ff ff ff ff ff ff ff ff ff ff ff ff ff ff ff ff ff ff ff ff
0x200035c0: ff ff ff ff ff ff ff ff ff ff ff ff ff ff ff ff ff ff ff ff ff ff ff ff ff ff ff ff ff ff ff ff
0x200035e0: ff ff ff ff ff ff ff ff ff ff ff ff ff ff ff ff ff ff ff ff ff ff ff ff ff ff ff ff ff ff ff ff
0x20003600: ff ff ff ff ff ff ff ff ff ff ff ff ff ff ff ff ff ff ff ff ff ff ff ff ff ff ff ff ff ff ff ff
0x20003620: ff ff ff ff ff ff ff ff ff ff ff ff 00 00 00 00 00 00 00 00 00 00 00 00 00 00 00 00 00 00 00 00
0x20003640: 00 00 00 00 00 00 00 00 00 00 00 00 00 00 00 00 00 00 00 00 00 00 00 00 00 00 00 00 00 00 00 00
0x20003660: 00 00 00 00 00 00 00 00 e8 07 00 20 bf 01 01 08 e8 07 00 20 f9 ff ff ff 00 00 00 00 40 00 00 00
0x20003680: 00 00 00 00 0a 00 00 00 ff ff ff ff f7 37 01 08 54 38 01 08 00 00 00 41 00 6c dc 02 e8 07 00 20
0x200036a0: 40 00 00 00 00 00 00 00 0a 00 00 00 e8 07 00 20 e9 36 00 20 01 00 00 00 6c 37 00 20 c7 a1 00 08
0x200036c0: 40 00 00 00 e8 07 00 20 7c 09 00 20 14 00 00 00 f4 a5 01 08 81 77 00 08 01 00 00 00 b1 34 00 08
0x200036e0: 01 00 00 00 00 00 00 00 00 00 00 00 00 00 00 00 13 00 00 00 3c 00 00 00 ff ff ff ff 00 00 00 00
0x20003700: 00 00 00 00 33 01 00 08 30 09 00 20 00 00 00 00 00 00 00 00 00 00 00 00 00 00 00 00 00 00 00 00
0x20003720: f4 a5 01 08 f4 a5 01 08 01 00 00 00 f4 a5 01 08 30 09 00 20 a9 0b 00 08 7c 09 00 20 01 00 00 00
0x20003740: f4 a5 01 08 91 78 00 08 f4 a5 01 08 bf 01 01 08 00 00 00 00 30 09 00 20 00 00 00 00 73 74 00 08
0x20003760: f4 a5 01 08 f4 a5 01 08 01 00 00 00 f4 a5 01 08 ff ff ff ff 77 85 01 08 ae 5c 3c c9 4f b7 0c 8d
0x20003780: e8 05 aa 7d d5 22 71 fb 1f 58 df e0 ac 72 6a 5d 2b d4 ec e1 f4 b2 dd c3 57 ee 75 ee e6 03 a1 8f
0x200037a0: f5 31 b1 2c 11 75 a2 4c 9f f9 e7 63 87 91 e2 6f d5 2b 75 e3 90 5b 08 b3 3e d5 bb 53 95 ef 51 e9
0x200037c0: 08 dc 8b 07 15 ef 97 aa 7d 86 df 2f 0b 07 e2 b6 ac ce aa 01 01 8e d0 9f 26 8d 93 ac 04 09 aa 3d
0x200037e0: 02 86 65 2a b8 f1 2f b3 bf 75 37 51 ee b8 51 fa 9d 10 47 62 9d 1e 6e 5b e2 4f 28 5f d1 2f 15 9a
0x20003800: 2b 64 bb d7 b7 72 b9 f5 5c d7 e1 0a ae 41 ca 50 48 f1 a2 25 f5 ab 14 a9 dc 17 51 ab 81 94 1b 79
0x20003820: 15 a3 61 62 b6 55 64 53 18 ed dd 46 14 a0 c5 46 38 69 d1 6e af 55 23 57 a8 e0 bc 5d 8f 2e d0 18
0x20003840: a7 cd ec 15 35 ca c5 ae 51 3f 7e 8a a8 05 a6 08 1f 04 ea 05 05 38 d7 ae 95 fa 3f 0e 92 58 27 0c
0x20003860: 37 9a 41 eb bf d5 6a 6b f0 c5 92 24 31 8e b2 22 d5 a6 85 2f 9a 7f 83 c7 fa 59 aa 57 85 2b 90 c4
0x20003880: ea e4 b3 03 5a a2 fa 2e 0b ea 37 3a ca 66 9f 3b 28 98 b4 52 85 9e 34 db 77 a0 7d 87 92 07 20 15
0x200038a0: 51 6f 11 a2 ef 25 1b 4d ac 05 b4 d6 e5 a7 74 c4 ec 27 31 c8 6e 09 b9 cf b3 15 ca 8d 67 42 07 09
0x200038c0: b3 54 c9 50 fb ad ca ec 54 eb 09 fa 2b 5b 83 c5 c0 a5 7f 07 c5 ae 61 36 d2 a5 d5 ae 00 26 a0 25
0x200038e0: 61 a8 41 e3 aa e4 88 eb 2e 45 f8 75 ae e0 71 62 6c 06 bc e1 2a 55 ee 71 e3 9d f8 fd 70 15 7d 32
0x20003900: 8a 50 ae 92 7d ab dd a7 f5 fa 35 a9 04 e2 dc 81 f8 a0 27 6d d5 8a 17 fb 57 af 79 e8 91 89 61 ed
0x20003920: 98 a4 d5 84 ec c0 fa 8d 2f 4c 1e d3 c4 b2 d0 ab 51 28 15 42 c1 0b 7d 47 af 57 af 26 9d 8b 45 2b
0x20003940: 23 69 89 45 65 2c 49 ab ed 26 73 b6 bf 00 26 6c e8 05 3b e4 d8 2f 1b e4 dd 62 d7 8a da 58 0a 13
0x20003960: 16 44 dd 9d fa 57 9d 9d ea 1d 2a 40 20 0b 3d a8 63 0c 1a ae e9 5d d2 4d 9b 9c e6 7d 35 fc c7 0d
0x20003980: 22 f5 c0 7d bd a6 72 be 69 a9 17 64 60 55 02 98 aa 15 05 52 15 8b 67 a8 1b ea 73 3f 03 55 2a 33
0x200039a0: 4c 93 78 2e ea 54 e9 55 ae e1 83 dd b4 0c 81 4d f6 a2 dd 8a e3 e6 df a6 84 7a ff 5b 65 e2 95 a8
0x200039c0: a8 1c 20 75 f7 27 7f 3d 4f be df 3b 4a 25 0e 75 08 57 1f 90 19 6b 57 b9 5b 98 17 2e 48 0d 2b 3f
0x200039e0: 69 aa 65 6f 2e f1 96 67 0e f5 f4 5f 1d ab d4 46 07 07 d5 ff 8e 15 cf f7 ee 54 ba 77 8e 10 d7 a2
0x20003a00: e8 d4 cb 2f 67 e7 d5 ea 37 ab 05 1a 97 3c 81 2b 73 67 07 93 56 ac 87 a3 7e aa e7 a9 6d 64 86 84
0x20003a20: 39 8a d1 08 bd 0c fb 6d 9f 57 3b 5b 97 a2 53 99 8b 52 61 4b aa 52 46 03 be 15 ab af 64 82 ad 25
0x20003a40: 2b 4c b0 95 99 ae d3 92 54 ab c5 6b 88 64 c9 13 8e 81 8c 65 85 b5 44 e6 95 fa dc ab 08 38 6a 59
0x20003a60: 74 c0 1e 1a e7 15 b0 dd bb 1b d3 74 65 30 91 a8 e3 0e c7 69 c2 5c 67 5c 4a 59 3c 63 02 5d 54 6b
0x20003a80: ba 05 a8 f5 2a 23 ee ba 5f 20 ed eb 4f 21 a6 71 78 05 e2 cd 26 3f de ee 7f 97 76 ae 8e 91 f2 fe
0x20003aa0: 99 e8 f4 8a 0e 55 ba 53 a8 d5 2e 8f 18 d4 24 1b 41 87 16 8a d3 57 2a 4f ff 95 aa c5 55 08 c0 ac
0x20003ac0: 8a 28 ba 42 da 78 35 0b 01 89 55 b8 08 01 7e 47 25 10 d3 35 51 82 f3 29 d5 83 6d a2 90 c5 b6 51
0x20003ae0: a1 aa 55 4f aa 13 8d 34 e2 70 a4 79 40 52 04 28 a7 79 d4 92 ae d4 aa fb 4a dc ee ed 05 9c 7b 08
0x20003b00: 07 d1 a4 41 4d ca 86 ad 56 3e 48 2b 69 3e 80 0d 62 5e a8 41 92 57 6c 4a f7 ea 16 38 11 c5 12 04
0x20003b20: 07 e0 15 ca 96 f7 1f 3b 83 d7 ea 45 52 3b 31 4a 40 ba 48 a3 60 d7 65 f1 7b 73 0a 95 05 ba 74 80
0x20003b40: 88 54 89 16 dc f4 89 3b 63 68 37 ea 62 5c ba 70 51 79 86 4e 1c 37 c6 56 61 ba 46 86 28 67 42 0e
0x20003b60: 85 2c 6d a9 aa bd 2f 8b bc df fc 39 d4 ae 64 3a 95 50 d6 72 09 d0 f9 97 e2 de ab 76 13 6e 77 e6
0x20003b80: ce 86 cd 85 d5 a3 51 de 54 13 d4 be c0 05 01 54 f0 5f a0 56 5c 7e 3f ca 17 a6 f5 8a 50 36 ad c0
0x20003ba0: 53 a8 05 a0 09 cf bc 2b 3b dd bd fe 04 aa 51 6a 52 be 35 8a b2 15 ed d4 ab 57 2a 5c d2 3d 87 20
0x20003bc0: 2a 52 e0 35 25 18 d1 cd d7 14 7c 3c aa 0d b5 50 9b 9f fc 68 1f 9c 71 8f d3 bd 41 81 8a 05 68 11
0x20003be0: 10 2b 38 0c e7 59 ea 3c fe d7 fa 55 75 8f f0 44 0d 8e 4c 7d 61 d7 fa 7e a8 35 9a 57 21 a3 9c 3a
0x20003c00: 83 e1 a3 13 5d f9 8d ef 90 3b c7 ec 2a 53 28 6f 88 5d a0 63 fd ce 17 8a 71 c1 7f 08 b7 ca 1a 10
0x20003c20: 1d ea 05 3b 6a 76 23 db 2a de 0d 5f 4f 2e 21 8b 45 8a c6 16 15 d7 c9 66 fe 55 aa 55 61 d5 17 26
0x20003c40: 2a 55 e2 61 17 da d7 ef 50 ab 95 6f 00 fd 1b 6f 40 b2 80 41 11 8a 15 19 55 2e 35 fa 4c 4c 3b 93
0x20003c60: 57 ac 55 b3 aa ad 7d bb f3 86 0b c5 e3 a8 95 aa 15 a6 5d b2 a7 c0 9f b2 ea 5f f2 5c 87 c2 b4 32
0x20003c80: 8a 45 0c 1f fd ce 76 1b 7c e8 df 93 7a 45 ba 19 a8 61 01 57 dd ab 55 a7 e5 ab ed ae ef 0f 41 1e
0x20003ca0: 50 e0 54 eb 52 dc 37 f7 66 dd f8 d7 42 be 51 a3 65 84 d0 cb 4d 10 a6 53 a8 75 f2 31 4d 68 e4 08
0x20003cc0: aa 75 b2 30 d7 65 f5 ae f7 8a 1d c7 aa 10 fb a2 b4 06 b6 43 55 b6 76 e6 d9 db d7 84 ea 51 b7 54
0x20003ce0: 76 aa 13 65 66 86 b8 43 57 77 2f 95 54 b3 54 01 06 3b 03 80 8b 15 ab 07 fd f7 a1 bc 44 81 47 a6
0x20003d00: 88 93 ab d0 de a7 df de 57 28 f2 ab 86 14 e2 eb 0b 4d 8a 97 55 a9 53 da 5d ab 47 2f 8c 75 00 16
0x20003d20: 7b 0e 94 22 da 55 ea fe aa 40 da 1f 4a 28 df b2 09 60 19 8b 8b 6d 0c 51 3d 99 ea a1 5d ad e4 11
0x20003d40: 28 50 22 7d 94 6d 39 a3 5e af 53 3a 9f 65 3a 24 6e 61 d3 11 9f a2 51 00 3e 24 bd 8e be 10 ad 00
0x20003d60: 74 22 6d 83 db 29 a9 97 ef 85 4e d8 55 0a 04 98 24 0a d5 e2 ac 15 cb 73 b0 91 ba 77 54 68 0f 0b
0x20003d80: 83 97 12 a6 91 5e 97 9a 07 82 3f 92 ac 7f 31 40 6a 95 0c 5c 6f a6 95 9e 15 e3 21 bc 2e 44 03 a1
0x20003da0: 75 81 d6 e2 71 11 fe c6 ef 36 fa c3 55 86 6d e2 92 28 54 da 16 7c b3 5b b0 d7 a0 75 14 60 01 2b
0x20003dc0: c0 1c b5 5c f1 fb e7 5a 54 98 c2 b6 ba 10 a2 44 48 90 e2 54 d1 80 e1 e8 f6 7a 89 28 5a 47 80 09
0x20003de0: d4 a9 55 08 d6 0c cb 05 e3 6d e4 ff 84 3a 02 4f 61 67 c5 9a 6b 4d cf 75 ea d1 ea b4 03 8b 8d 93
0x20003e00: e2 81 a4 1d f7 a4 84 1e 35 f8 52 4a ff 5d 0a 45 78 94 8a 68 db ba 56 59 d9 cb 4d 92 1a 9d 08 51
0x20003e20: 90 ac 05 ba a0 29 88 7f ea 46 9c 31 e5 2b e4 3b 79 32 1c 1a 5e 51 9b 53 ed d7 b2 4d 7d 93 11 82
0x20003e40: 69 f5 24 dd 61 be 44 ef 37 97 7d 1a a6 16 08 1a a6 47 bc d5 d4 cb 3c a1 7c ba 54 28 d6 46 80 40
0x20003e60: 28 80 54 f8 8a c4 f4 d9 ea b3 ab ce 29 b0 5a c8 f1 b3 e5 b0 e3 bd ae f8 a6 f6 e8 5b d6 ae 04 ea
0x20003e80: 3c 51 8a 59 75 8b 5c cb 51 6a 55 a8 ba 79 ff 19 03 54 82 50 23 12 d7 5a 17 81 5f ab 02 00 5e 43
0x20003ea0: c1 8f 41 8b fb 33 67 57 a6 ff b6 42 1e 2a 4d 1b 01 a8 11 e2 6d 0c 6b 97 bb 4d ee 85 1d 2c 6c a0
0x20003ec0: 09 65 a2 d6 d9 de 07 16 51 1d 0d d1 5b 55 09 95 8a 04 c1 55 4d 28 d5 f5 98 28 47 20 8c 21 c5 d5
0x20003ee0: 50 49 06 22 62 4d a5 73 af 3c 2d cf 8f 08 21 aa 27 a1 17 22 0f 75 ab bc aa 6d fb d5 5a 3f f0 91
0x20003f00: 5e 10 81 39 5c ee 00 79 f5 c5 2d 75 9c c5 2f 75 c8 03 2b d1 5a 9a 76 0a 99 08 fc 23 d8 08 92 66
0x20003f20: 8a a2 6a 07 9b c3 aa 5c ab 12 27 f5 c9 ea 1d e8 15 2c 45 05 ff 75 e3 3d 3c d9 bb d5 b5 31 57 10
0x20003f40: be 94 6e 44 85 b0 55 ac 7f be d6 6c 2e 70 06 24 6b 54 a6 52 c3 da 76 de 53 7a ff 28 4b 59 ba 7d
0x20003f60: 05 3a 64 b2 29 3f 9e 55 f0 d7 2a 50 70 a6 1e 11 54 38 48 8a 38 d9 ca 3d 8e 7d 2e 9c 0d ba 44 a8
0x20003f80: bb 44 2b 74 d5 fe 37 f0 55 60 14 81 28 50 3a 51 14 c1 0b 01 14 f3 c3 aa 4f 9b 51 8a 12 57 02 1b
0x20003fa0: 51 e9 95 4b d8 29 a4 53 a3 ef cc d9 13 a8 6d 33 13 a2 19 8c c2 a6 2e 05 1a bd 8f 03 52 aa 5c 42
0x20003fc0: f8 0a 80 5d dc c6 17 19 4f da 75 ad 26 d4 bf 15 a6 d4 27 a1 9e 86 5d f0 ad 9d cd 8e ce 91 8d 11
0x20003fe0: 97 8a 64 2e 9b 1e bc e6 7b 3e a4 d6 59 2a 18 f0 5c 0c 55 86 ea 75 ed 95 64 95 83 d5 44 61 21 cd